11 5 4
0 1 0 0 0 
1 0 1 0 0 
0 1 0 1 0 
0 0 1 0 1 
0 0 0 1 0 

12 5 4
0 1 0 0 0 
1 0 1 0 0 
0 1 0 1 1 
0 0 1 0 0 
0 0 1 0 0 

13 5 4
0 1 0 0 0 
1 0 1 1 1 
0 1 0 0 0 
0 1 0 0 0 
0 1 0 0 0 

14 5 5
0 1 1 0 0 
1 0 1 0 0 
1 1 0 1 0 
0 0 1 0 1 
0 0 0 1 0 

15 5 5
0 1 1 0 0 
1 0 1 0 0 
1 1 0 1 1 
0 0 1 0 0 
0 0 1 0 0 

16 5 5
0 1 1 0 0 
1 0 1 0 1 
1 1 0 1 0 
0 0 1 0 0 
0 1 0 0 0 

19 5 6
0 1 1 1 0 
1 0 1 0 0 
1 1 0 1 0 
1 0 1 0 1 
0 0 0 1 0 

20 5 6
0 1 1 1 0 
1 0 1 0 0 
1 1 0 1 1 
1 0 1 0 0 
0 0 1 0 0 

22 5 6
0 1 1 0 0 
1 0 1 0 0 
1 1 0 1 1 
0 0 1 0 1 
0 0 1 1 0 

24 5 7
0 1 1 1 0 
1 0 1 1 0 
1 1 0 1 0 
1 1 1 0 1 
0 0 0 1 0 

25 5 7
0 1 1 1 1 
1 0 1 0 0 
1 1 0 1 0 
1 0 1 0 1 
1 0 0 1 0 

27 5 7
0 1 1 1 1 
1 0 1 0 0 
1 1 0 1 1 
1 0 1 0 0 
1 0 1 0 0 

28 5 8
0 1 1 1 1 
1 0 1 1 0 
1 1 0 1 0 
1 1 1 0 1 
1 0 0 1 0 

29 5 8
0 1 1 1 1 
1 0 1 0 1 
1 1 0 1 0 
1 0 1 0 1 
1 1 0 1 0 

30 5 9
0 1 1 1 1 
1 0 1 1 1 
1 1 0 1 0 
1 1 1 0 1 
1 1 0 1 0 

31 5 10
0 1 1 1 1 
1 0 1 1 1 
1 1 0 1 1 
1 1 1 0 1 
1 1 1 1 0 

