144 7 6
0 1 0 0 0 0 0 
1 0 1 0 0 0 0 
0 1 0 1 0 0 0 
0 0 1 0 1 0 0 
0 0 0 1 0 1 0 
0 0 0 0 1 0 1 
0 0 0 0 0 1 0 

145 7 6
0 1 0 0 0 0 0 
1 0 1 0 0 0 0 
0 1 0 1 0 0 0 
0 0 1 0 1 0 0 
0 0 0 1 0 1 1 
0 0 0 0 1 0 0 
0 0 0 0 1 0 0 

146 7 6
0 1 0 0 0 0 0 
1 0 1 0 0 0 0 
0 1 0 1 0 0 0 
0 0 1 0 1 0 1 
0 0 0 1 0 1 0 
0 0 0 0 1 0 0 
0 0 0 1 0 0 0 

147 7 6
0 1 0 0 0 0 0 
1 0 1 0 0 0 0 
0 1 0 1 0 0 0 
0 0 1 0 1 1 1 
0 0 0 1 0 0 0 
0 0 0 1 0 0 0 
0 0 0 1 0 0 0 

148 7 6
0 1 0 0 0 0 0 
1 0 1 0 0 0 0 
0 1 0 1 0 0 1 
0 0 1 0 1 1 0 
0 0 0 1 0 0 0 
0 0 0 1 0 0 0 
0 0 1 0 0 0 0 

149 7 6
0 1 0 0 0 0 0 
1 0 1 0 0 0 1 
0 1 0 1 0 0 0 
0 0 1 0 1 1 0 
0 0 0 1 0 0 0 
0 0 0 1 0 0 0 
0 1 0 0 0 0 0 

150 7 6
0 1 0 0 0 0 0 
1 0 1 0 0 0 0 
0 1 0 1 0 1 0 
0 0 1 0 1 0 0 
0 0 0 1 0 0 0 
0 0 1 0 0 0 1 
0 0 0 0 0 1 0 

151 7 6
0 1 0 0 0 0 0 
1 0 1 0 0 0 0 
0 1 0 1 0 1 1 
0 0 1 0 1 0 0 
0 0 0 1 0 0 0 
0 0 1 0 0 0 0 
0 0 1 0 0 0 0 

152 7 6
0 1 0 0 0 0 0 
1 0 1 0 0 0 0 
0 1 0 1 1 1 1 
0 0 1 0 0 0 0 
0 0 1 0 0 0 0 
0 0 1 0 0 0 0 
0 0 1 0 0 0 0 

153 7 6
0 1 0 0 0 0 0 
1 0 1 0 0 0 1 
0 1 0 1 1 1 0 
0 0 1 0 0 0 0 
0 0 1 0 0 0 0 
0 0 1 0 0 0 0 
0 1 0 0 0 0 0 

154 7 6
0 1 0 0 0 0 0 
1 0 1 1 1 1 1 
0 1 0 0 0 0 0 
0 1 0 0 0 0 0 
0 1 0 0 0 0 0 
0 1 0 0 0 0 0 
0 1 0 0 0 0 0 

155 7 7
0 1 1 0 0 0 0 
1 0 1 0 0 0 0 
1 1 0 1 0 0 0 
0 0 1 0 1 0 0 
0 0 0 1 0 1 0 
0 0 0 0 1 0 1 
0 0 0 0 0 1 0 

156 7 7
0 1 1 0 0 0 0 
1 0 1 0 0 0 0 
1 1 0 1 0 0 0 
0 0 1 0 1 0 0 
0 0 0 1 0 1 1 
0 0 0 0 1 0 0 
0 0 0 0 1 0 0 

157 7 7
0 1 1 0 0 0 0 
1 0 1 0 0 0 0 
1 1 0 1 0 0 0 
0 0 1 0 1 0 1 
0 0 0 1 0 1 0 
0 0 0 0 1 0 0 
0 0 0 1 0 0 0 

158 7 7
0 1 1 0 0 0 0 
1 0 1 0 0 0 0 
1 1 0 1 0 0 1 
0 0 1 0 1 0 0 
0 0 0 1 0 1 0 
0 0 0 0 1 0 0 
0 0 1 0 0 0 0 

159 7 7
0 1 1 0 0 0 0 
1 0 1 0 0 0 1 
1 1 0 1 0 0 0 
0 0 1 0 1 0 0 
0 0 0 1 0 1 0 
0 0 0 0 1 0 0 
0 1 0 0 0 0 0 

160 7 7
0 1 1 0 0 0 0 
1 0 1 0 0 0 0 
1 1 0 1 0 0 0 
0 0 1 0 1 1 1 
0 0 0 1 0 0 0 
0 0 0 1 0 0 0 
0 0 0 1 0 0 0 

161 7 7
0 1 1 0 0 0 0 
1 0 1 0 0 0 0 
1 1 0 1 0 0 1 
0 0 1 0 1 1 0 
0 0 0 1 0 0 0 
0 0 0 1 0 0 0 
0 0 1 0 0 0 0 

162 7 7
0 1 1 0 0 0 0 
1 0 1 0 0 0 1 
1 1 0 1 0 0 0 
0 0 1 0 1 1 0 
0 0 0 1 0 0 0 
0 0 0 1 0 0 0 
0 1 0 0 0 0 0 

163 7 7
0 1 1 0 0 0 0 
1 0 1 0 0 0 0 
1 1 0 1 0 1 0 
0 0 1 0 1 0 0 
0 0 0 1 0 0 0 
0 0 1 0 0 0 1 
0 0 0 0 0 1 0 

164 7 7
0 1 1 0 0 0 0 
1 0 1 0 0 0 0 
1 1 0 1 0 1 1 
0 0 1 0 1 0 0 
0 0 0 1 0 0 0 
0 0 1 0 0 0 0 
0 0 1 0 0 0 0 

165 7 7
0 1 1 0 0 0 0 
1 0 1 0 0 0 1 
1 1 0 1 0 1 0 
0 0 1 0 1 0 0 
0 0 0 1 0 0 0 
0 0 1 0 0 0 0 
0 1 0 0 0 0 0 

166 7 7
0 1 1 0 0 0 0 
1 0 1 0 0 1 0 
1 1 0 1 0 0 0 
0 0 1 0 1 0 0 
0 0 0 1 0 0 0 
0 1 0 0 0 0 1 
0 0 0 0 0 1 0 

167 7 7
0 1 1 0 0 0 0 
1 0 1 0 0 1 1 
1 1 0 1 0 0 0 
0 0 1 0 1 0 0 
0 0 0 1 0 0 0 
0 1 0 0 0 0 0 
0 1 0 0 0 0 0 

168 7 7
0 1 1 0 0 0 1 
1 0 1 0 0 1 0 
1 1 0 1 0 0 0 
0 0 1 0 1 0 0 
0 0 0 1 0 0 0 
0 1 0 0 0 0 0 
1 0 0 0 0 0 0 

169 7 7
0 1 1 0 0 0 0 
1 0 1 0 0 0 0 
1 1 0 1 1 1 1 
0 0 1 0 0 0 0 
0 0 1 0 0 0 0 
0 0 1 0 0 0 0 
0 0 1 0 0 0 0 

170 7 7
0 1 1 0 0 0 0 
1 0 1 0 0 0 1 
1 1 0 1 1 1 0 
0 0 1 0 0 0 0 
0 0 1 0 0 0 0 
0 0 1 0 0 0 0 
0 1 0 0 0 0 0 

171 7 7
0 1 1 0 0 0 0 
1 0 1 0 0 1 1 
1 1 0 1 1 0 0 
0 0 1 0 0 0 0 
0 0 1 0 0 0 0 
0 1 0 0 0 0 0 
0 1 0 0 0 0 0 

172 7 7
0 1 1 0 0 0 1 
1 0 1 0 0 1 0 
1 1 0 1 1 0 0 
0 0 1 0 0 0 0 
0 0 1 0 0 0 0 
0 1 0 0 0 0 0 
1 0 0 0 0 0 0 

188 7 8
0 1 1 1 0 0 0 
1 0 1 0 0 0 0 
1 1 0 1 0 0 0 
1 0 1 0 1 0 0 
0 0 0 1 0 1 0 
0 0 0 0 1 0 1 
0 0 0 0 0 1 0 

189 7 8
0 1 1 1 0 0 0 
1 0 1 0 0 0 0 
1 1 0 1 0 0 0 
1 0 1 0 1 0 0 
0 0 0 1 0 1 1 
0 0 0 0 1 0 0 
0 0 0 0 1 0 0 

190 7 8
0 1 1 1 0 0 0 
1 0 1 0 0 0 0 
1 1 0 1 0 0 0 
1 0 1 0 1 0 1 
0 0 0 1 0 1 0 
0 0 0 0 1 0 0 
0 0 0 1 0 0 0 

191 7 8
0 1 1 1 0 0 0 
1 0 1 0 0 0 0 
1 1 0 1 0 0 1 
1 0 1 0 1 0 0 
0 0 0 1 0 1 0 
0 0 0 0 1 0 0 
0 0 1 0 0 0 0 

192 7 8
0 1 1 1 0 0 0 
1 0 1 0 0 0 1 
1 1 0 1 0 0 0 
1 0 1 0 1 0 0 
0 0 0 1 0 1 0 
0 0 0 0 1 0 0 
0 1 0 0 0 0 0 

193 7 8
0 1 1 1 0 0 0 
1 0 1 0 0 0 0 
1 1 0 1 0 0 0 
1 0 1 0 1 1 1 
0 0 0 1 0 0 0 
0 0 0 1 0 0 0 
0 0 0 1 0 0 0 

194 7 8
0 1 1 1 0 0 0 
1 0 1 0 0 0 0 
1 1 0 1 0 0 1 
1 0 1 0 1 1 0 
0 0 0 1 0 0 0 
0 0 0 1 0 0 0 
0 0 1 0 0 0 0 

195 7 8
0 1 1 1 0 0 0 
1 0 1 0 0 0 1 
1 1 0 1 0 0 0 
1 0 1 0 1 1 0 
0 0 0 1 0 0 0 
0 0 0 1 0 0 0 
0 1 0 0 0 0 0 

196 7 8
0 1 1 1 0 0 0 
1 0 1 0 0 0 0 
1 1 0 1 0 1 0 
1 0 1 0 1 0 0 
0 0 0 1 0 0 0 
0 0 1 0 0 0 1 
0 0 0 0 0 1 0 

197 7 8
0 1 1 1 0 0 0 
1 0 1 0 0 0 0 
1 1 0 1 0 1 1 
1 0 1 0 1 0 0 
0 0 0 1 0 0 0 
0 0 1 0 0 0 0 
0 0 1 0 0 0 0 

198 7 8
0 1 1 1 0 0 0 
1 0 1 0 0 0 1 
1 1 0 1 0 1 0 
1 0 1 0 1 0 0 
0 0 0 1 0 0 0 
0 0 1 0 0 0 0 
0 1 0 0 0 0 0 

199 7 8
0 1 1 1 0 0 1 
1 0 1 0 0 0 0 
1 1 0 1 0 1 0 
1 0 1 0 1 0 0 
0 0 0 1 0 0 0 
0 0 1 0 0 0 0 
1 0 0 0 0 0 0 

200 7 8
0 1 1 1 0 0 0 
1 0 1 0 0 0 0 
1 1 0 1 1 0 0 
1 0 1 0 0 0 0 
0 0 1 0 0 1 0 
0 0 0 0 1 0 1 
0 0 0 0 0 1 0 

201 7 8
0 1 1 1 0 0 0 
1 0 1 0 0 0 0 
1 1 0 1 1 0 0 
1 0 1 0 0 0 0 
0 0 1 0 0 1 1 
0 0 0 0 1 0 0 
0 0 0 0 1 0 0 

202 7 8
0 1 1 1 0 0 0 
1 0 1 0 0 0 0 
1 1 0 1 1 0 1 
1 0 1 0 0 0 0 
0 0 1 0 0 1 0 
0 0 0 0 1 0 0 
0 0 1 0 0 0 0 

203 7 8
0 1 1 1 0 0 1 
1 0 1 0 0 0 0 
1 1 0 1 1 0 0 
1 0 1 0 0 0 0 
0 0 1 0 0 1 0 
0 0 0 0 1 0 0 
1 0 0 0 0 0 0 

204 7 8
0 1 1 1 0 0 0 
1 0 1 0 0 0 0 
1 1 0 1 1 1 1 
1 0 1 0 0 0 0 
0 0 1 0 0 0 0 
0 0 1 0 0 0 0 
0 0 1 0 0 0 0 

205 7 8
0 1 1 1 0 0 1 
1 0 1 0 0 0 0 
1 1 0 1 1 1 0 
1 0 1 0 0 0 0 
0 0 1 0 0 0 0 
0 0 1 0 0 0 0 
1 0 0 0 0 0 0 

218 7 8
0 1 1 0 0 0 0 
1 0 1 0 0 0 0 
1 1 0 1 1 0 0 
0 0 1 0 1 0 0 
0 0 1 1 0 1 0 
0 0 0 0 1 0 1 
0 0 0 0 0 1 0 

219 7 8
0 1 1 0 0 0 0 
1 0 1 0 0 0 0 
1 1 0 1 1 0 0 
0 0 1 0 1 0 0 
0 0 1 1 0 1 1 
0 0 0 0 1 0 0 
0 0 0 0 1 0 0 

220 7 8
0 1 1 0 0 0 0 
1 0 1 0 0 0 0 
1 1 0 1 1 0 0 
0 0 1 0 1 0 1 
0 0 1 1 0 1 0 
0 0 0 0 1 0 0 
0 0 0 1 0 0 0 

221 7 8
0 1 1 0 0 0 0 
1 0 1 0 0 0 0 
1 1 0 1 1 0 1 
0 0 1 0 1 0 0 
0 0 1 1 0 1 0 
0 0 0 0 1 0 0 
0 0 1 0 0 0 0 

222 7 8
0 1 1 0 0 0 0 
1 0 1 0 0 0 1 
1 1 0 1 1 0 0 
0 0 1 0 1 0 0 
0 0 1 1 0 1 0 
0 0 0 0 1 0 0 
0 1 0 0 0 0 0 

223 7 8
0 1 1 0 0 0 0 
1 0 1 0 0 0 0 
1 1 0 1 1 1 0 
0 0 1 0 1 0 0 
0 0 1 1 0 0 0 
0 0 1 0 0 0 1 
0 0 0 0 0 1 0 

224 7 8
0 1 1 0 0 0 0 
1 0 1 0 0 0 0 
1 1 0 1 1 1 1 
0 0 1 0 1 0 0 
0 0 1 1 0 0 0 
0 0 1 0 0 0 0 
0 0 1 0 0 0 0 

240 7 8
0 1 1 0 0 0 0 
1 0 1 0 0 0 0 
1 1 0 1 0 0 0 
0 0 1 0 1 1 0 
0 0 0 1 0 1 0 
0 0 0 1 1 0 1 
0 0 0 0 0 1 0 

241 7 8
0 1 1 0 0 0 0 
1 0 1 0 0 0 0 
1 1 0 1 0 0 0 
0 0 1 0 1 1 1 
0 0 0 1 0 1 0 
0 0 0 1 1 0 0 
0 0 0 1 0 0 0 

250 7 8
0 1 1 0 0 0 0 
1 0 1 0 0 0 0 
1 1 0 1 0 0 0 
0 0 1 0 1 0 0 
0 0 0 1 0 1 1 
0 0 0 0 1 0 1 
0 0 0 0 1 1 0 

255 7 9
0 1 1 1 0 0 0 
1 0 1 1 0 0 0 
1 1 0 1 0 0 0 
1 1 1 0 1 0 0 
0 0 0 1 0 1 0 
0 0 0 0 1 0 1 
0 0 0 0 0 1 0 

256 7 9
0 1 1 1 0 0 0 
1 0 1 1 0 0 0 
1 1 0 1 0 0 0 
1 1 1 0 1 0 0 
0 0 0 1 0 1 1 
0 0 0 0 1 0 0 
0 0 0 0 1 0 0 

257 7 9
0 1 1 1 0 0 0 
1 0 1 1 0 0 0 
1 1 0 1 0 0 0 
1 1 1 0 1 0 1 
0 0 0 1 0 1 0 
0 0 0 0 1 0 0 
0 0 0 1 0 0 0 

258 7 9
0 1 1 1 0 0 0 
1 0 1 1 0 0 0 
1 1 0 1 0 0 1 
1 1 1 0 1 0 0 
0 0 0 1 0 1 0 
0 0 0 0 1 0 0 
0 0 1 0 0 0 0 

259 7 9
0 1 1 1 0 0 0 
1 0 1 1 0 0 0 
1 1 0 1 0 0 0 
1 1 1 0 1 1 1 
0 0 0 1 0 0 0 
0 0 0 1 0 0 0 
0 0 0 1 0 0 0 

260 7 9
0 1 1 1 0 0 0 
1 0 1 1 0 0 0 
1 1 0 1 0 0 1 
1 1 1 0 1 1 0 
0 0 0 1 0 0 0 
0 0 0 1 0 0 0 
0 0 1 0 0 0 0 

261 7 9
0 1 1 1 0 0 0 
1 0 1 1 0 0 1 
1 1 0 1 0 1 0 
1 1 1 0 1 0 0 
0 0 0 1 0 0 0 
0 0 1 0 0 0 0 
0 1 0 0 0 0 0 

262 7 9
0 1 1 1 1 0 0 
1 0 1 0 0 0 0 
1 1 0 1 0 0 0 
1 0 1 0 1 0 0 
1 0 0 1 0 1 0 
0 0 0 0 1 0 1 
0 0 0 0 0 1 0 

263 7 9
0 1 1 1 1 0 0 
1 0 1 0 0 0 0 
1 1 0 1 0 0 0 
1 0 1 0 1 0 0 
1 0 0 1 0 1 1 
0 0 0 0 1 0 0 
0 0 0 0 1 0 0 

264 7 9
0 1 1 1 1 0 0 
1 0 1 0 0 0 0 
1 1 0 1 0 0 0 
1 0 1 0 1 0 1 
1 0 0 1 0 1 0 
0 0 0 0 1 0 0 
0 0 0 1 0 0 0 

265 7 9
0 1 1 1 1 0 0 
1 0 1 0 0 0 0 
1 1 0 1 0 0 1 
1 0 1 0 1 0 0 
1 0 0 1 0 1 0 
0 0 0 0 1 0 0 
0 0 1 0 0 0 0 

266 7 9
0 1 1 1 1 0 0 
1 0 1 0 0 0 1 
1 1 0 1 0 0 0 
1 0 1 0 1 0 0 
1 0 0 1 0 1 0 
0 0 0 0 1 0 0 
0 1 0 0 0 0 0 

267 7 9
0 1 1 1 1 0 1 
1 0 1 0 0 0 0 
1 1 0 1 0 0 0 
1 0 1 0 1 0 0 
1 0 0 1 0 1 0 
0 0 0 0 1 0 0 
1 0 0 0 0 0 0 

268 7 9
0 1 1 1 1 0 0 
1 0 1 0 0 0 0 
1 1 0 1 0 0 0 
1 0 1 0 1 1 0 
1 0 0 1 0 0 0 
0 0 0 1 0 0 1 
0 0 0 0 0 1 0 

269 7 9
0 1 1 1 1 0 0 
1 0 1 0 0 0 0 
1 1 0 1 0 0 0 
1 0 1 0 1 1 1 
1 0 0 1 0 0 0 
0 0 0 1 0 0 0 
0 0 0 1 0 0 0 

270 7 9
0 1 1 1 1 0 0 
1 0 1 0 0 0 0 
1 1 0 1 0 0 1 
1 0 1 0 1 1 0 
1 0 0 1 0 0 0 
0 0 0 1 0 0 0 
0 0 1 0 0 0 0 

271 7 9
0 1 1 1 1 0 1 
1 0 1 0 0 0 0 
1 1 0 1 0 0 0 
1 0 1 0 1 1 0 
1 0 0 1 0 0 0 
0 0 0 1 0 0 0 
1 0 0 0 0 0 0 

272 7 9
0 1 1 1 1 1 0 
1 0 1 0 0 0 0 
1 1 0 1 0 0 0 
1 0 1 0 1 0 0 
1 0 0 1 0 0 0 
1 0 0 0 0 0 1 
0 0 0 0 0 1 0 

273 7 9
0 1 1 1 1 1 1 
1 0 1 0 0 0 0 
1 1 0 1 0 0 0 
1 0 1 0 1 0 0 
1 0 0 1 0 0 0 
1 0 0 0 0 0 0 
1 0 0 0 0 0 0 

285 7 9
0 1 1 1 1 0 0 
1 0 1 0 0 0 0 
1 1 0 1 1 0 0 
1 0 1 0 0 0 0 
1 0 1 0 0 1 0 
0 0 0 0 1 0 1 
0 0 0 0 0 1 0 

286 7 9
0 1 1 1 1 0 0 
1 0 1 0 0 0 0 
1 1 0 1 1 0 0 
1 0 1 0 0 0 0 
1 0 1 0 0 1 1 
0 0 0 0 1 0 0 
0 0 0 0 1 0 0 

287 7 9
0 1 1 1 1 0 0 
1 0 1 0 0 0 0 
1 1 0 1 1 0 0 
1 0 1 0 0 0 1 
1 0 1 0 0 1 0 
0 0 0 0 1 0 0 
0 0 0 1 0 0 0 

288 7 9
0 1 1 1 1 0 0 
1 0 1 0 0 0 0 
1 1 0 1 1 0 1 
1 0 1 0 0 0 0 
1 0 1 0 0 1 0 
0 0 0 0 1 0 0 
0 0 1 0 0 0 0 

289 7 9
0 1 1 1 1 0 0 
1 0 1 0 0 0 0 
1 1 0 1 1 1 0 
1 0 1 0 0 0 0 
1 0 1 0 0 0 0 
0 0 1 0 0 0 1 
0 0 0 0 0 1 0 

290 7 9
0 1 1 1 1 0 0 
1 0 1 0 0 0 0 
1 1 0 1 1 1 1 
1 0 1 0 0 0 0 
1 0 1 0 0 0 0 
0 0 1 0 0 0 0 
0 0 1 0 0 0 0 

291 7 9
0 1 1 1 1 0 1 
1 0 1 0 0 0 0 
1 1 0 1 1 1 0 
1 0 1 0 0 0 0 
1 0 1 0 0 0 0 
0 0 1 0 0 0 0 
1 0 0 0 0 0 0 

301 7 9
0 1 1 1 0 0 0 
1 0 1 0 0 0 0 
1 1 0 1 0 0 0 
1 0 1 0 1 1 0 
0 0 0 1 0 1 0 
0 0 0 1 1 0 1 
0 0 0 0 0 1 0 

302 7 9
0 1 1 1 0 0 0 
1 0 1 0 0 0 0 
1 1 0 1 0 0 0 
1 0 1 0 1 1 1 
0 0 0 1 0 1 0 
0 0 0 1 1 0 0 
0 0 0 1 0 0 0 

303 7 9
0 1 1 1 0 0 0 
1 0 1 0 0 0 0 
1 1 0 1 0 0 1 
1 0 1 0 1 1 0 
0 0 0 1 0 1 0 
0 0 0 1 1 0 0 
0 0 1 0 0 0 0 

304 7 9
0 1 1 1 0 0 0 
1 0 1 0 0 0 1 
1 1 0 1 0 0 0 
1 0 1 0 1 1 0 
0 0 0 1 0 1 0 
0 0 0 1 1 0 0 
0 1 0 0 0 0 0 

308 7 9
0 1 1 1 0 0 0 
1 0 1 0 0 0 0 
1 1 0 1 1 1 0 
1 0 1 0 0 0 0 
0 0 1 0 0 1 0 
0 0 1 0 1 0 1 
0 0 0 0 0 1 0 

309 7 9
0 1 1 1 0 0 0 
1 0 1 0 0 0 0 
1 1 0 1 1 1 0 
1 0 1 0 0 0 1 
0 0 1 0 0 1 0 
0 0 1 0 1 0 0 
0 0 0 1 0 0 0 

310 7 9
0 1 1 1 0 0 0 
1 0 1 0 0 0 0 
1 1 0 1 1 1 1 
1 0 1 0 0 0 0 
0 0 1 0 0 1 0 
0 0 1 0 1 0 0 
0 0 1 0 0 0 0 

311 7 9
0 1 1 1 0 0 1 
1 0 1 0 0 0 0 
1 1 0 1 1 1 0 
1 0 1 0 0 0 0 
0 0 1 0 0 1 0 
0 0 1 0 1 0 0 
1 0 0 0 0 0 0 

334 7 9
0 1 1 1 0 0 0 
1 0 1 0 0 0 0 
1 1 0 1 0 0 0 
1 0 1 0 1 0 0 
0 0 0 1 0 1 1 
0 0 0 0 1 0 1 
0 0 0 0 1 1 0 

337 7 9
0 1 1 1 0 0 0 
1 0 1 0 0 0 0 
1 1 0 1 1 0 0 
1 0 1 0 0 0 0 
0 0 1 0 0 1 1 
0 0 0 0 1 0 1 
0 0 0 0 1 1 0 

348 7 9
0 1 1 0 0 0 0 
1 0 1 0 0 0 0 
1 1 0 1 1 0 0 
0 0 1 0 1 0 0 
0 0 1 1 0 1 1 
0 0 0 0 1 0 1 
0 0 0 0 1 1 0 

349 7 9
0 1 1 0 0 0 0 
1 0 1 0 0 0 0 
1 1 0 1 1 1 1 
0 0 1 0 1 0 0 
0 0 1 1 0 0 0 
0 0 1 0 0 0 1 
0 0 1 0 0 1 0 

362 7 10
0 1 1 1 1 0 0 
1 0 1 1 0 0 0 
1 1 0 1 0 0 0 
1 1 1 0 1 0 0 
1 0 0 1 0 1 0 
0 0 0 0 1 0 1 
0 0 0 0 0 1 0 

363 7 10
0 1 1 1 1 0 0 
1 0 1 1 0 0 0 
1 1 0 1 0 0 0 
1 1 1 0 1 0 0 
1 0 0 1 0 1 1 
0 0 0 0 1 0 0 
0 0 0 0 1 0 0 

364 7 10
0 1 1 1 1 0 0 
1 0 1 1 0 0 0 
1 1 0 1 0 0 0 
1 1 1 0 1 0 1 
1 0 0 1 0 1 0 
0 0 0 0 1 0 0 
0 0 0 1 0 0 0 

365 7 10
0 1 1 1 1 0 0 
1 0 1 1 0 0 0 
1 1 0 1 0 0 1 
1 1 1 0 1 0 0 
1 0 0 1 0 1 0 
0 0 0 0 1 0 0 
0 0 1 0 0 0 0 

366 7 10
0 1 1 1 1 0 0 
1 0 1 1 0 0 0 
1 1 0 1 0 0 0 
1 1 1 0 1 1 0 
1 0 0 1 0 0 0 
0 0 0 1 0 0 1 
0 0 0 0 0 1 0 

367 7 10
0 1 1 1 1 0 0 
1 0 1 1 0 0 0 
1 1 0 1 0 0 0 
1 1 1 0 1 1 1 
1 0 0 1 0 0 0 
0 0 0 1 0 0 0 
0 0 0 1 0 0 0 

368 7 10
0 1 1 1 1 0 0 
1 0 1 1 0 0 0 
1 1 0 1 0 0 1 
1 1 1 0 1 1 0 
1 0 0 1 0 0 0 
0 0 0 1 0 0 0 
0 0 1 0 0 0 0 

369 7 10
0 1 1 1 1 0 1 
1 0 1 1 0 0 0 
1 1 0 1 0 0 0 
1 1 1 0 1 1 0 
1 0 0 1 0 0 0 
0 0 0 1 0 0 0 
1 0 0 0 0 0 0 

370 7 10
0 1 1 1 1 0 0 
1 0 1 1 0 0 0 
1 1 0 1 0 1 0 
1 1 1 0 1 0 0 
1 0 0 1 0 0 0 
0 0 1 0 0 0 1 
0 0 0 0 0 1 0 

371 7 10
0 1 1 1 1 0 0 
1 0 1 1 0 0 0 
1 1 0 1 0 1 1 
1 1 1 0 1 0 0 
1 0 0 1 0 0 0 
0 0 1 0 0 0 0 
0 0 1 0 0 0 0 

372 7 10
0 1 1 1 1 0 0 
1 0 1 1 0 0 1 
1 1 0 1 0 1 0 
1 1 1 0 1 0 0 
1 0 0 1 0 0 0 
0 0 1 0 0 0 0 
0 1 0 0 0 0 0 

373 7 10
0 1 1 1 1 0 0 
1 0 1 0 1 0 0 
1 1 0 1 0 0 0 
1 0 1 0 1 0 0 
1 1 0 1 0 1 0 
0 0 0 0 1 0 1 
0 0 0 0 0 1 0 

374 7 10
0 1 1 1 1 0 0 
1 0 1 0 1 0 0 
1 1 0 1 0 0 0 
1 0 1 0 1 0 0 
1 1 0 1 0 1 1 
0 0 0 0 1 0 0 
0 0 0 0 1 0 0 

375 7 10
0 1 1 1 1 0 0 
1 0 1 0 1 0 0 
1 1 0 1 0 0 0 
1 0 1 0 1 0 1 
1 1 0 1 0 1 0 
0 0 0 0 1 0 0 
0 0 0 1 0 0 0 

376 7 10
0 1 1 1 1 0 0 
1 0 1 0 1 0 0 
1 1 0 1 0 0 1 
1 0 1 0 1 0 0 
1 1 0 1 0 1 0 
0 0 0 0 1 0 0 
0 0 1 0 0 0 0 

377 7 10
0 1 1 1 1 0 1 
1 0 1 0 1 0 0 
1 1 0 1 0 0 0 
1 0 1 0 1 0 0 
1 1 0 1 0 1 0 
0 0 0 0 1 0 0 
1 0 0 0 0 0 0 

378 7 10
0 1 1 1 1 1 0 
1 0 1 0 1 0 0 
1 1 0 1 0 0 0 
1 0 1 0 1 0 0 
1 1 0 1 0 0 0 
1 0 0 0 0 0 1 
0 0 0 0 0 1 0 

379 7 10
0 1 1 1 1 1 1 
1 0 1 0 1 0 0 
1 1 0 1 0 0 0 
1 0 1 0 1 0 0 
1 1 0 1 0 0 0 
1 0 0 0 0 0 0 
1 0 0 0 0 0 0 

383 7 10
0 1 1 1 0 0 0 
1 0 1 1 0 0 0 
1 1 0 1 0 0 0 
1 1 1 0 1 1 0 
0 0 0 1 0 1 0 
0 0 0 1 1 0 1 
0 0 0 0 0 1 0 

384 7 10
0 1 1 1 0 0 0 
1 0 1 1 0 0 0 
1 1 0 1 0 0 0 
1 1 1 0 1 1 1 
0 0 0 1 0 1 0 
0 0 0 1 1 0 0 
0 0 0 1 0 0 0 

385 7 10
0 1 1 1 0 0 0 
1 0 1 1 0 0 0 
1 1 0 1 0 0 1 
1 1 1 0 1 1 0 
0 0 0 1 0 1 0 
0 0 0 1 1 0 0 
0 0 1 0 0 0 0 

386 7 10
0 1 1 1 1 1 0 
1 0 1 0 0 0 0 
1 1 0 1 0 0 0 
1 0 1 0 1 0 0 
1 0 0 1 0 1 0 
1 0 0 0 1 0 1 
0 0 0 0 0 1 0 

387 7 10
0 1 1 1 1 1 0 
1 0 1 0 0 0 0 
1 1 0 1 0 0 0 
1 0 1 0 1 0 0 
1 0 0 1 0 1 1 
1 0 0 0 1 0 0 
0 0 0 0 1 0 0 

388 7 10
0 1 1 1 1 1 0 
1 0 1 0 0 0 0 
1 1 0 1 0 0 0 
1 0 1 0 1 0 1 
1 0 0 1 0 1 0 
1 0 0 0 1 0 0 
0 0 0 1 0 0 0 

389 7 10
0 1 1 1 1 1 1 
1 0 1 0 0 0 0 
1 1 0 1 0 0 0 
1 0 1 0 1 0 0 
1 0 0 1 0 1 0 
1 0 0 0 1 0 0 
1 0 0 0 0 0 0 

400 7 10
0 1 1 1 1 0 0 
1 0 1 0 0 0 0 
1 1 0 1 0 0 0 
1 0 1 0 1 1 0 
1 0 0 1 0 1 0 
0 0 0 1 1 0 1 
0 0 0 0 0 1 0 

401 7 10
0 1 1 1 1 0 0 
1 0 1 0 0 0 0 
1 1 0 1 0 0 0 
1 0 1 0 1 1 0 
1 0 0 1 0 1 1 
0 0 0 1 1 0 0 
0 0 0 0 1 0 0 

402 7 10
0 1 1 1 1 0 0 
1 0 1 0 0 0 0 
1 1 0 1 0 0 0 
1 0 1 0 1 1 1 
1 0 0 1 0 1 0 
0 0 0 1 1 0 0 
0 0 0 1 0 0 0 

403 7 10
0 1 1 1 1 1 0 
1 0 1 0 0 0 0 
1 1 0 1 0 0 0 
1 0 1 0 1 1 0 
1 0 0 1 0 0 0 
1 0 0 1 0 0 1 
0 0 0 0 0 1 0 

404 7 10
0 1 1 1 1 1 0 
1 0 1 0 0 0 0 
1 1 0 1 0 0 0 
1 0 1 0 1 1 1 
1 0 0 1 0 0 0 
1 0 0 1 0 0 0 
0 0 0 1 0 0 0 

405 7 10
0 1 1 1 1 1 0 
1 0 1 0 0 0 0 
1 1 0 1 0 0 1 
1 0 1 0 1 1 0 
1 0 0 1 0 0 0 
1 0 0 1 0 0 0 
0 0 1 0 0 0 0 

406 7 10
0 1 1 1 1 1 0 
1 0 1 0 0 0 1 
1 1 0 1 0 0 0 
1 0 1 0 1 1 0 
1 0 0 1 0 0 0 
1 0 0 1 0 0 0 
0 1 0 0 0 0 0 

407 7 10
0 1 1 1 1 1 1 
1 0 1 0 0 0 0 
1 1 0 1 0 0 0 
1 0 1 0 1 1 0 
1 0 0 1 0 0 0 
1 0 0 1 0 0 0 
1 0 0 0 0 0 0 

408 7 10
0 1 1 1 1 0 0 
1 0 1 0 0 0 0 
1 1 0 1 0 1 0 
1 0 1 0 1 1 0 
1 0 0 1 0 0 0 
0 0 1 1 0 0 1 
0 0 0 0 0 1 0 

409 7 10
0 1 1 1 1 0 0 
1 0 1 0 0 0 0 
1 1 0 1 0 1 0 
1 0 1 0 1 1 1 
1 0 0 1 0 0 0 
0 0 1 1 0 0 0 
0 0 0 1 0 0 0 

427 7 10
0 1 1 1 1 1 0 
1 0 1 0 0 0 0 
1 1 0 1 1 1 0 
1 0 1 0 0 0 0 
1 0 1 0 0 0 0 
1 0 1 0 0 0 1 
0 0 0 0 0 1 0 

428 7 10
0 1 1 1 1 1 0 
1 0 1 0 0 0 0 
1 1 0 1 1 1 1 
1 0 1 0 0 0 0 
1 0 1 0 0 0 0 
1 0 1 0 0 0 0 
0 0 1 0 0 0 0 

433 7 10
0 1 1 1 0 0 0 
1 0 1 1 0 0 0 
1 1 0 1 0 0 0 
1 1 1 0 1 0 0 
0 0 0 1 0 1 1 
0 0 0 0 1 0 1 
0 0 0 0 1 1 0 

438 7 10
0 1 1 1 1 0 0 
1 0 1 0 0 0 0 
1 1 0 1 0 0 0 
1 0 1 0 1 0 0 
1 0 0 1 0 1 1 
0 0 0 0 1 0 1 
0 0 0 0 1 1 0 

441 7 10
0 1 1 1 1 0 0 
1 0 1 0 0 0 0 
1 1 0 1 0 0 0 
1 0 1 0 1 1 1 
1 0 0 1 0 0 0 
0 0 0 1 0 0 1 
0 0 0 1 0 1 0 

442 7 10
0 1 1 1 1 1 1 
1 0 1 0 0 0 0 
1 1 0 1 0 0 0 
1 0 1 0 1 0 0 
1 0 0 1 0 0 0 
1 0 0 0 0 0 1 
1 0 0 0 0 1 0 

453 7 10
0 1 1 1 1 0 0 
1 0 1 0 0 0 0 
1 1 0 1 1 0 0 
1 0 1 0 0 0 0 
1 0 1 0 0 1 1 
0 0 0 0 1 0 1 
0 0 0 0 1 1 0 

455 7 10
0 1 1 1 1 0 0 
1 0 1 0 0 0 0 
1 1 0 1 1 1 1 
1 0 1 0 0 0 0 
1 0 1 0 0 0 0 
0 0 1 0 0 0 1 
0 0 1 0 0 1 0 

468 7 10
0 1 1 1 0 0 0 
1 0 1 0 0 0 0 
1 1 0 1 0 0 0 
1 0 1 0 1 1 1 
0 0 0 1 0 1 0 
0 0 0 1 1 0 1 
0 0 0 1 0 1 0 

469 7 10
0 1 1 1 0 0 0 
1 0 1 0 0 0 0 
1 1 0 1 0 0 0 
1 0 1 0 1 1 0 
0 0 0 1 0 1 1 
0 0 0 1 1 0 1 
0 0 0 0 1 1 0 

473 7 10
0 1 1 1 0 0 0 
1 0 1 0 0 0 0 
1 1 0 1 1 1 1 
1 0 1 0 0 0 0 
0 0 1 0 0 1 0 
0 0 1 0 1 0 1 
0 0 1 0 0 1 0 

494 7 11
0 1 1 1 1 0 0 
1 0 1 1 1 0 0 
1 1 0 1 0 0 0 
1 1 1 0 1 0 0 
1 1 0 1 0 1 0 
0 0 0 0 1 0 1 
0 0 0 0 0 1 0 

495 7 11
0 1 1 1 1 0 0 
1 0 1 1 1 0 0 
1 1 0 1 0 0 0 
1 1 1 0 1 0 0 
1 1 0 1 0 1 1 
0 0 0 0 1 0 0 
0 0 0 0 1 0 0 

496 7 11
0 1 1 1 1 0 0 
1 0 1 1 1 0 0 
1 1 0 1 0 0 0 
1 1 1 0 1 0 1 
1 1 0 1 0 1 0 
0 0 0 0 1 0 0 
0 0 0 1 0 0 0 

497 7 11
0 1 1 1 1 0 0 
1 0 1 1 1 0 0 
1 1 0 1 0 0 1 
1 1 1 0 1 0 0 
1 1 0 1 0 1 0 
0 0 0 0 1 0 0 
0 0 1 0 0 0 0 

498 7 11
0 1 1 1 1 0 0 
1 0 1 1 1 0 0 
1 1 0 1 0 0 0 
1 1 1 0 1 1 0 
1 1 0 1 0 0 0 
0 0 0 1 0 0 1 
0 0 0 0 0 1 0 

499 7 11
0 1 1 1 1 0 0 
1 0 1 1 1 0 0 
1 1 0 1 0 0 0 
1 1 1 0 1 1 1 
1 1 0 1 0 0 0 
0 0 0 1 0 0 0 
0 0 0 1 0 0 0 

500 7 11
0 1 1 1 1 0 0 
1 0 1 1 1 0 1 
1 1 0 1 0 0 0 
1 1 1 0 1 1 0 
1 1 0 1 0 0 0 
0 0 0 1 0 0 0 
0 1 0 0 0 0 0 

501 7 11
0 1 1 1 1 1 0 
1 0 1 1 0 0 0 
1 1 0 1 0 0 0 
1 1 1 0 1 0 0 
1 0 0 1 0 1 0 
1 0 0 0 1 0 1 
0 0 0 0 0 1 0 

502 7 11
0 1 1 1 1 1 0 
1 0 1 1 0 0 0 
1 1 0 1 0 0 0 
1 1 1 0 1 0 0 
1 0 0 1 0 1 1 
1 0 0 0 1 0 0 
0 0 0 0 1 0 0 

503 7 11
0 1 1 1 1 1 0 
1 0 1 1 0 0 0 
1 1 0 1 0 0 0 
1 1 1 0 1 0 1 
1 0 0 1 0 1 0 
1 0 0 0 1 0 0 
0 0 0 1 0 0 0 

504 7 11
0 1 1 1 1 1 0 
1 0 1 1 0 0 0 
1 1 0 1 0 0 1 
1 1 1 0 1 0 0 
1 0 0 1 0 1 0 
1 0 0 0 1 0 0 
0 0 1 0 0 0 0 

505 7 11
0 1 1 1 1 1 1 
1 0 1 1 0 0 0 
1 1 0 1 0 0 0 
1 1 1 0 1 0 0 
1 0 0 1 0 1 0 
1 0 0 0 1 0 0 
1 0 0 0 0 0 0 

511 7 11
0 1 1 1 1 1 0 
1 0 1 1 0 0 0 
1 1 0 1 0 0 0 
1 1 1 0 1 1 0 
1 0 0 1 0 0 0 
1 0 0 1 0 0 1 
0 0 0 0 0 1 0 

512 7 11
0 1 1 1 1 1 0 
1 0 1 1 0 0 0 
1 1 0 1 0 0 0 
1 1 1 0 1 1 1 
1 0 0 1 0 0 0 
1 0 0 1 0 0 0 
0 0 0 1 0 0 0 

513 7 11
0 1 1 1 1 1 0 
1 0 1 1 0 0 0 
1 1 0 1 0 0 1 
1 1 1 0 1 1 0 
1 0 0 1 0 0 0 
1 0 0 1 0 0 0 
0 0 1 0 0 0 0 

514 7 11
0 1 1 1 1 0 0 
1 0 1 1 0 1 0 
1 1 0 1 0 0 0 
1 1 1 0 1 1 0 
1 0 0 1 0 0 0 
0 1 0 1 0 0 1 
0 0 0 0 0 1 0 

515 7 11
0 1 1 1 1 0 0 
1 0 1 1 0 1 0 
1 1 0 1 0 0 0 
1 1 1 0 1 1 1 
1 0 0 1 0 0 0 
0 1 0 1 0 0 0 
0 0 0 1 0 0 0 

516 7 11
0 1 1 1 1 0 0 
1 0 1 1 0 1 0 
1 1 0 1 0 0 1 
1 1 1 0 1 1 0 
1 0 0 1 0 0 0 
0 1 0 1 0 0 0 
0 0 1 0 0 0 0 

517 7 11
0 1 1 1 1 0 0 
1 0 1 1 0 1 1 
1 1 0 1 0 0 0 
1 1 1 0 1 1 0 
1 0 0 1 0 0 0 
0 1 0 1 0 0 0 
0 1 0 0 0 0 0 

518 7 11
0 1 1 1 1 0 0 
1 0 1 1 0 1 0 
1 1 0 1 0 1 0 
1 1 1 0 1 0 0 
1 0 0 1 0 0 0 
0 1 1 0 0 0 1 
0 0 0 0 0 1 0 

519 7 11
0 1 1 1 1 0 0 
1 0 1 1 0 1 0 
1 1 0 1 0 1 0 
1 1 1 0 1 0 1 
1 0 0 1 0 0 0 
0 1 1 0 0 0 0 
0 0 0 1 0 0 0 

520 7 11
0 1 1 1 1 1 0 
1 0 1 0 1 0 0 
1 1 0 1 0 0 0 
1 0 1 0 1 0 0 
1 1 0 1 0 1 0 
1 0 0 0 1 0 1 
0 0 0 0 0 1 0 

521 7 11
0 1 1 1 1 1 0 
1 0 1 0 1 0 0 
1 1 0 1 0 0 0 
1 0 1 0 1 0 0 
1 1 0 1 0 1 1 
1 0 0 0 1 0 0 
0 0 0 0 1 0 0 

522 7 11
0 1 1 1 1 1 0 
1 0 1 0 1 0 0 
1 1 0 1 0 0 0 
1 0 1 0 1 0 1 
1 1 0 1 0 1 0 
1 0 0 0 1 0 0 
0 0 0 1 0 0 0 

523 7 11
0 1 1 1 1 1 0 
1 0 1 0 1 0 0 
1 1 0 1 0 0 1 
1 0 1 0 1 0 0 
1 1 0 1 0 1 0 
1 0 0 0 1 0 0 
0 0 1 0 0 0 0 

524 7 11
0 1 1 1 1 1 1 
1 0 1 0 1 0 0 
1 1 0 1 0 0 0 
1 0 1 0 1 0 0 
1 1 0 1 0 1 0 
1 0 0 0 1 0 0 
1 0 0 0 0 0 0 

525 7 11
0 1 1 1 1 0 0 
1 0 1 0 1 1 0 
1 1 0 1 0 0 0 
1 0 1 0 1 0 0 
1 1 0 1 0 1 0 
0 1 0 0 1 0 1 
0 0 0 0 0 1 0 

526 7 11
0 1 1 1 1 0 0 
1 0 1 0 1 1 0 
1 1 0 1 0 0 0 
1 0 1 0 1 0 0 
1 1 0 1 0 1 1 
0 1 0 0 1 0 0 
0 0 0 0 1 0 0 

527 7 11
0 1 1 1 1 0 0 
1 0 1 0 1 1 0 
1 1 0 1 0 0 0 
1 0 1 0 1 0 1 
1 1 0 1 0 1 0 
0 1 0 0 1 0 0 
0 0 0 1 0 0 0 

528 7 11
0 1 1 1 1 0 1 
1 0 1 0 1 1 0 
1 1 0 1 0 0 0 
1 0 1 0 1 0 0 
1 1 0 1 0 1 0 
0 1 0 0 1 0 0 
1 0 0 0 0 0 0 

533 7 11
0 1 1 1 1 1 0 
1 0 1 0 0 1 0 
1 1 0 1 0 0 0 
1 0 1 0 1 0 0 
1 0 0 1 0 1 0 
1 1 0 0 1 0 1 
0 0 0 0 0 1 0 

534 7 11
0 1 1 1 1 1 1 
1 0 1 0 0 1 0 
1 1 0 1 0 0 0 
1 0 1 0 1 0 0 
1 0 0 1 0 1 0 
1 1 0 0 1 0 0 
1 0 0 0 0 0 0 

545 7 11
0 1 1 1 1 0 0 
1 0 1 1 0 0 0 
1 1 0 1 0 0 0 
1 1 1 0 1 0 0 
1 0 0 1 0 1 1 
0 0 0 0 1 0 1 
0 0 0 0 1 1 0 

548 7 11
0 1 1 1 1 0 0 
1 0 1 1 0 0 0 
1 1 0 1 0 0 0 
1 1 1 0 1 1 1 
1 0 0 1 0 0 0 
0 0 0 1 0 0 1 
0 0 0 1 0 1 0 

550 7 11
0 1 1 1 1 0 0 
1 0 1 1 0 0 0 
1 1 0 1 0 1 1 
1 1 1 0 1 0 0 
1 0 0 1 0 0 0 
0 0 1 0 0 0 1 
0 0 1 0 0 1 0 

554 7 11
0 1 1 1 1 0 0 
1 0 1 0 1 0 0 
1 1 0 1 0 0 0 
1 0 1 0 1 0 0 
1 1 0 1 0 1 1 
0 0 0 0 1 0 1 
0 0 0 0 1 1 0 

555 7 11
0 1 1 1 1 1 1 
1 0 1 0 1 0 0 
1 1 0 1 0 0 0 
1 0 1 0 1 0 0 
1 1 0 1 0 0 0 
1 0 0 0 0 0 1 
1 0 0 0 0 1 0 

560 7 11
0 1 1 1 0 0 0 
1 0 1 1 0 0 0 
1 1 0 1 0 0 0 
1 1 1 0 1 1 1 
0 0 0 1 0 1 0 
0 0 0 1 1 0 1 
0 0 0 1 0 1 0 

561 7 11
0 1 1 1 0 0 0 
1 0 1 1 0 0 0 
1 1 0 1 0 0 0 
1 1 1 0 1 1 0 
0 0 0 1 0 1 1 
0 0 0 1 1 0 1 
0 0 0 0 1 1 0 

562 7 11
0 1 1 1 1 1 1 
1 0 1 0 0 0 0 
1 1 0 1 0 0 0 
1 0 1 0 1 0 0 
1 0 0 1 0 1 0 
1 0 0 0 1 0 1 
1 0 0 0 0 1 0 

566 7 11
0 1 1 1 1 1 0 
1 0 1 0 0 0 0 
1 1 0 1 0 0 0 
1 0 1 0 1 0 0 
1 0 0 1 0 1 1 
1 0 0 0 1 0 1 
0 0 0 0 1 1 0 

567 7 11
0 1 1 1 1 1 1 
1 0 1 0 0 0 0 
1 1 0 1 0 0 0 
1 0 1 0 1 0 0 
1 0 0 1 0 1 1 
1 0 0 0 1 0 0 
1 0 0 0 1 0 0 

569 7 11
0 1 1 1 1 1 0 
1 0 1 0 0 0 0 
1 1 0 1 0 0 0 
1 0 1 0 1 0 1 
1 0 0 1 0 1 1 
1 0 0 0 1 0 0 
0 0 0 1 1 0 0 

570 7 11
0 1 1 1 1 1 1 
1 0 1 0 0 0 0 
1 1 0 1 0 0 0 
1 0 1 0 1 0 1 
1 0 0 1 0 1 0 
1 0 0 0 1 0 0 
1 0 0 1 0 0 0 

592 7 11
0 1 1 1 1 0 0 
1 0 1 0 0 0 0 
1 1 0 1 0 0 0 
1 0 1 0 1 1 0 
1 0 0 1 0 1 1 
0 0 0 1 1 0 1 
0 0 0 0 1 1 0 

593 7 11
0 1 1 1 1 0 0 
1 0 1 0 0 0 0 
1 1 0 1 0 0 0 
1 0 1 0 1 1 1 
1 0 0 1 0 1 1 
0 0 0 1 1 0 0 
0 0 0 1 1 0 0 

594 7 11
0 1 1 1 1 0 1 
1 0 1 0 0 0 0 
1 1 0 1 0 0 0 
1 0 1 0 1 1 1 
1 0 0 1 0 1 0 
0 0 0 1 1 0 0 
1 0 0 1 0 0 0 

596 7 11
0 1 1 1 1 1 1 
1 0 1 0 0 0 0 
1 1 0 1 0 0 0 
1 0 1 0 1 1 1 
1 0 0 1 0 0 0 
1 0 0 1 0 0 0 
1 0 0 1 0 0 0 

597 7 11
0 1 1 1 1 1 0 
1 0 1 0 0 0 0 
1 1 0 1 0 0 1 
1 0 1 0 1 1 1 
1 0 0 1 0 0 0 
1 0 0 1 0 0 0 
0 0 1 1 0 0 0 

598 7 11
0 1 1 1 1 1 1 
1 0 1 0 0 0 0 
1 1 0 1 0 0 1 
1 0 1 0 1 1 0 
1 0 0 1 0 0 0 
1 0 0 1 0 0 0 
1 0 1 0 0 0 0 

622 7 11
0 1 1 1 1 1 1 
1 0 1 0 0 0 0 
1 1 0 1 1 1 1 
1 0 1 0 0 0 0 
1 0 1 0 0 0 0 
1 0 1 0 0 0 0 
1 0 1 0 0 0 0 

632 7 12
0 1 1 1 1 0 0 
1 0 1 1 1 0 0 
1 1 0 1 1 0 0 
1 1 1 0 1 0 0 
1 1 1 1 0 1 0 
0 0 0 0 1 0 1 
0 0 0 0 0 1 0 

633 7 12
0 1 1 1 1 0 0 
1 0 1 1 1 0 0 
1 1 0 1 1 0 0 
1 1 1 0 1 0 0 
1 1 1 1 0 1 1 
0 0 0 0 1 0 0 
0 0 0 0 1 0 0 

634 7 12
0 1 1 1 1 0 0 
1 0 1 1 1 0 0 
1 1 0 1 1 0 0 
1 1 1 0 1 0 1 
1 1 1 1 0 1 0 
0 0 0 0 1 0 0 
0 0 0 1 0 0 0 

635 7 12
0 1 1 1 1 1 0 
1 0 1 1 1 0 0 
1 1 0 1 0 0 0 
1 1 1 0 1 0 0 
1 1 0 1 0 1 0 
1 0 0 0 1 0 1 
0 0 0 0 0 1 0 

636 7 12
0 1 1 1 1 1 0 
1 0 1 1 1 0 0 
1 1 0 1 0 0 0 
1 1 1 0 1 0 0 
1 1 0 1 0 1 1 
1 0 0 0 1 0 0 
0 0 0 0 1 0 0 

637 7 12
0 1 1 1 1 1 0 
1 0 1 1 1 0 0 
1 1 0 1 0 0 0 
1 1 1 0 1 0 1 
1 1 0 1 0 1 0 
1 0 0 0 1 0 0 
0 0 0 1 0 0 0 

638 7 12
0 1 1 1 1 1 0 
1 0 1 1 1 0 0 
1 1 0 1 0 0 1 
1 1 1 0 1 0 0 
1 1 0 1 0 1 0 
1 0 0 0 1 0 0 
0 0 1 0 0 0 0 

639 7 12
0 1 1 1 1 1 1 
1 0 1 1 1 0 0 
1 1 0 1 0 0 0 
1 1 1 0 1 0 0 
1 1 0 1 0 1 0 
1 0 0 0 1 0 0 
1 0 0 0 0 0 0 

643 7 12
0 1 1 1 1 1 0 
1 0 1 1 1 0 0 
1 1 0 1 0 0 0 
1 1 1 0 1 1 0 
1 1 0 1 0 0 0 
1 0 0 1 0 0 1 
0 0 0 0 0 1 0 

644 7 12
0 1 1 1 1 1 0 
1 0 1 1 1 0 0 
1 1 0 1 0 0 0 
1 1 1 0 1 1 0 
1 1 0 1 0 0 1 
1 0 0 1 0 0 0 
0 0 0 0 1 0 0 

645 7 12
0 1 1 1 1 1 0 
1 0 1 1 1 0 0 
1 1 0 1 0 0 0 
1 1 1 0 1 1 1 
1 1 0 1 0 0 0 
1 0 0 1 0 0 0 
0 0 0 1 0 0 0 

646 7 12
0 1 1 1 1 1 0 
1 0 1 1 1 0 1 
1 1 0 1 0 0 0 
1 1 1 0 1 1 0 
1 1 0 1 0 0 0 
1 0 0 1 0 0 0 
0 1 0 0 0 0 0 

647 7 12
0 1 1 1 1 1 0 
1 0 1 1 0 1 0 
1 1 0 1 0 0 0 
1 1 1 0 1 0 0 
1 0 0 1 0 1 0 
1 1 0 0 1 0 1 
0 0 0 0 0 1 0 

648 7 12
0 1 1 1 1 1 0 
1 0 1 1 0 1 0 
1 1 0 1 0 0 0 
1 1 1 0 1 0 1 
1 0 0 1 0 1 0 
1 1 0 0 1 0 0 
0 0 0 1 0 0 0 

649 7 12
0 1 1 1 1 1 0 
1 0 1 1 0 1 0 
1 1 0 1 0 0 1 
1 1 1 0 1 0 0 
1 0 0 1 0 1 0 
1 1 0 0 1 0 0 
0 0 1 0 0 0 0 

650 7 12
0 1 1 1 1 1 1 
1 0 1 1 0 1 0 
1 1 0 1 0 0 0 
1 1 1 0 1 0 0 
1 0 0 1 0 1 0 
1 1 0 0 1 0 0 
1 0 0 0 0 0 0 

651 7 12
0 1 1 1 1 1 0 
1 0 1 1 0 0 0 
1 1 0 1 0 0 0 
1 1 1 0 1 1 0 
1 0 0 1 0 1 0 
1 0 0 1 1 0 1 
0 0 0 0 0 1 0 

652 7 12
0 1 1 1 1 1 0 
1 0 1 1 0 0 0 
1 1 0 1 0 0 0 
1 1 1 0 1 1 1 
1 0 0 1 0 1 0 
1 0 0 1 1 0 0 
0 0 0 1 0 0 0 

655 7 12
0 1 1 1 1 1 0 
1 0 1 0 1 0 0 
1 1 0 1 0 1 0 
1 0 1 0 1 0 0 
1 1 0 1 0 1 0 
1 0 1 0 1 0 1 
0 0 0 0 0 1 0 

656 7 12
0 1 1 1 1 1 0 
1 0 1 0 1 0 0 
1 1 0 1 0 1 0 
1 0 1 0 1 0 0 
1 1 0 1 0 1 1 
1 0 1 0 1 0 0 
0 0 0 0 1 0 0 

657 7 12
0 1 1 1 1 1 1 
1 0 1 0 1 0 0 
1 1 0 1 0 1 0 
1 0 1 0 1 0 0 
1 1 0 1 0 1 0 
1 0 1 0 1 0 0 
1 0 0 0 0 0 0 

658 7 12
0 1 1 1 1 0 0 
1 0 1 0 1 1 0 
1 1 0 1 0 1 0 
1 0 1 0 1 0 0 
1 1 0 1 0 1 0 
0 1 1 0 1 0 1 
0 0 0 0 0 1 0 

659 7 12
0 1 1 1 1 0 0 
1 0 1 0 1 1 0 
1 1 0 1 0 1 0 
1 0 1 0 1 0 0 
1 1 0 1 0 1 1 
0 1 1 0 1 0 0 
0 0 0 0 1 0 0 

660 7 12
0 1 1 1 1 0 0 
1 0 1 0 1 1 1 
1 1 0 1 0 1 0 
1 0 1 0 1 0 0 
1 1 0 1 0 1 0 
0 1 1 0 1 0 0 
0 1 0 0 0 0 0 

663 7 12
0 1 1 1 1 0 0 
1 0 1 1 1 0 0 
1 1 0 1 0 0 0 
1 1 1 0 1 0 0 
1 1 0 1 0 1 1 
0 0 0 0 1 0 1 
0 0 0 0 1 1 0 

665 7 12
0 1 1 1 1 0 0 
1 0 1 1 1 0 0 
1 1 0 1 0 0 0 
1 1 1 0 1 1 1 
1 1 0 1 0 0 0 
0 0 0 1 0 0 1 
0 0 0 1 0 1 0 

666 7 12
0 1 1 1 1 1 1 
1 0 1 1 0 0 0 
1 1 0 1 0 0 0 
1 1 1 0 1 0 0 
1 0 0 1 0 1 0 
1 0 0 0 1 0 1 
1 0 0 0 0 1 0 

669 7 12
0 1 1 1 1 1 0 
1 0 1 1 0 0 0 
1 1 0 1 0 0 0 
1 1 1 0 1 0 0 
1 0 0 1 0 1 1 
1 0 0 0 1 0 1 
0 0 0 0 1 1 0 

670 7 12
0 1 1 1 1 1 1 
1 0 1 1 0 0 0 
1 1 0 1 0 0 0 
1 1 1 0 1 0 0 
1 0 0 1 0 1 1 
1 0 0 0 1 0 0 
1 0 0 0 1 0 0 

672 7 12
0 1 1 1 1 1 0 
1 0 1 1 0 0 0 
1 1 0 1 0 0 0 
1 1 1 0 1 0 1 
1 0 0 1 0 1 1 
1 0 0 0 1 0 0 
0 0 0 1 1 0 0 

673 7 12
0 1 1 1 1 1 1 
1 0 1 1 0 0 0 
1 1 0 1 0 0 0 
1 1 1 0 1 0 1 
1 0 0 1 0 1 0 
1 0 0 0 1 0 0 
1 0 0 1 0 0 0 

674 7 12
0 1 1 1 1 1 0 
1 0 1 1 0 0 1 
1 1 0 1 0 0 0 
1 1 1 0 1 0 1 
1 0 0 1 0 1 0 
1 0 0 0 1 0 0 
0 1 0 1 0 0 0 

675 7 12
0 1 1 1 1 1 1 
1 0 1 1 0 0 0 
1 1 0 1 0 0 1 
1 1 1 0 1 0 0 
1 0 0 1 0 1 0 
1 0 0 0 1 0 0 
1 0 1 0 0 0 0 

676 7 12
0 1 1 1 1 1 0 
1 0 1 1 0 0 1 
1 1 0 1 0 0 1 
1 1 1 0 1 0 0 
1 0 0 1 0 1 0 
1 0 0 0 1 0 0 
0 1 1 0 0 0 0 

688 7 12
0 1 1 1 1 1 1 
1 0 1 1 0 0 0 
1 1 0 1 0 0 0 
1 1 1 0 1 1 1 
1 0 0 1 0 0 0 
1 0 0 1 0 0 0 
1 0 0 1 0 0 0 

689 7 12
0 1 1 1 1 1 0 
1 0 1 1 0 0 1 
1 1 0 1 0 0 0 
1 1 1 0 1 1 1 
1 0 0 1 0 0 0 
1 0 0 1 0 0 0 
0 1 0 1 0 0 0 

690 7 12
0 1 1 1 1 1 0 
1 0 1 1 0 0 1 
1 1 0 1 0 0 1 
1 1 1 0 1 1 0 
1 0 0 1 0 0 0 
1 0 0 1 0 0 0 
0 1 1 0 0 0 0 

692 7 12
0 1 1 1 1 0 0 
1 0 1 1 0 1 0 
1 1 0 1 0 0 1 
1 1 1 0 1 1 1 
1 0 0 1 0 0 0 
0 1 0 1 0 0 0 
0 0 1 1 0 0 0 

693 7 12
0 1 1 1 1 0 1 
1 0 1 1 0 1 0 
1 1 0 1 0 0 1 
1 1 1 0 1 1 0 
1 0 0 1 0 0 0 
0 1 0 1 0 0 0 
1 0 1 0 0 0 0 

694 7 12
0 1 1 1 1 0 1 
1 0 1 1 0 1 1 
1 1 0 1 0 0 0 
1 1 1 0 1 1 0 
1 0 0 1 0 0 0 
0 1 0 1 0 0 0 
1 1 0 0 0 0 0 

696 7 12
0 1 1 1 1 1 1 
1 0 1 0 1 0 0 
1 1 0 1 0 0 0 
1 0 1 0 1 0 0 
1 1 0 1 0 1 0 
1 0 0 0 1 0 1 
1 0 0 0 0 1 0 

699 7 12
0 1 1 1 1 1 0 
1 0 1 0 1 0 0 
1 1 0 1 0 0 0 
1 0 1 0 1 0 0 
1 1 0 1 0 1 1 
1 0 0 0 1 0 1 
0 0 0 0 1 1 0 

700 7 12
0 1 1 1 1 1 1 
1 0 1 0 1 0 0 
1 1 0 1 0 0 0 
1 0 1 0 1 0 0 
1 1 0 1 0 1 1 
1 0 0 0 1 0 0 
1 0 0 0 1 0 0 

701 7 12
0 1 1 1 1 1 0 
1 0 1 0 1 0 1 
1 1 0 1 0 0 0 
1 0 1 0 1 0 0 
1 1 0 1 0 1 1 
1 0 0 0 1 0 0 
0 1 0 0 1 0 0 

703 7 12
0 1 1 1 1 1 1 
1 0 1 0 1 0 0 
1 1 0 1 0 0 0 
1 0 1 0 1 0 1 
1 1 0 1 0 1 0 
1 0 0 0 1 0 0 
1 0 0 1 0 0 0 

705 7 12
0 1 1 1 1 1 0 
1 0 1 0 1 0 0 
1 1 0 1 0 0 1 
1 0 1 0 1 0 1 
1 1 0 1 0 1 0 
1 0 0 0 1 0 0 
0 0 1 1 0 0 0 

706 7 12
0 1 1 1 1 1 1 
1 0 1 0 1 0 0 
1 1 0 1 0 0 1 
1 0 1 0 1 0 0 
1 1 0 1 0 1 0 
1 0 0 0 1 0 0 
1 0 1 0 0 0 0 

708 7 12
0 1 1 1 1 0 0 
1 0 1 0 1 1 1 
1 1 0 1 0 0 0 
1 0 1 0 1 0 0 
1 1 0 1 0 1 0 
0 1 0 0 1 0 1 
0 1 0 0 0 1 0 

710 7 12
0 1 1 1 1 0 0 
1 0 1 0 1 1 1 
1 1 0 1 0 0 0 
1 0 1 0 1 0 0 
1 1 0 1 0 1 1 
0 1 0 0 1 0 0 
0 1 0 0 1 0 0 

712 7 12
0 1 1 1 1 0 0 
1 0 1 0 1 1 0 
1 1 0 1 0 0 0 
1 0 1 0 1 0 1 
1 1 0 1 0 1 1 
0 1 0 0 1 0 0 
0 0 0 1 1 0 0 

713 7 12
0 1 1 1 1 0 0 
1 0 1 0 1 1 0 
1 1 0 1 0 0 1 
1 0 1 0 1 0 1 
1 1 0 1 0 1 0 
0 1 0 0 1 0 0 
0 0 1 1 0 0 0 

719 7 12
0 1 1 1 1 1 1 
1 0 1 0 0 1 0 
1 1 0 1 0 0 0 
1 0 1 0 1 0 0 
1 0 0 1 0 1 0 
1 1 0 0 1 0 1 
1 0 0 0 0 1 0 

720 7 12
0 1 1 1 1 1 0 
1 0 1 0 0 1 1 
1 1 0 1 0 0 0 
1 0 1 0 1 0 0 
1 0 0 1 0 1 0 
1 1 0 0 1 0 1 
0 1 0 0 0 1 0 

742 7 12
0 1 1 1 0 0 0 
1 0 1 1 0 0 0 
1 1 0 1 0 0 0 
1 1 1 0 1 1 1 
0 0 0 1 0 1 1 
0 0 0 1 1 0 1 
0 0 0 1 1 1 0 

743 7 12
0 1 1 1 1 1 1 
1 0 1 0 0 0 1 
1 1 0 1 0 0 0 
1 0 1 0 1 0 0 
1 0 0 1 0 1 0 
1 0 0 0 1 0 1 
1 1 0 0 0 1 0 

758 7 13
0 1 1 1 1 1 0 
1 0 1 1 1 0 0 
1 1 0 1 1 0 0 
1 1 1 0 1 0 0 
1 1 1 1 0 1 0 
1 0 0 0 1 0 1 
0 0 0 0 0 1 0 

759 7 13
0 1 1 1 1 1 0 
1 0 1 1 1 0 0 
1 1 0 1 1 0 0 
1 1 1 0 1 0 0 
1 1 1 1 0 1 1 
1 0 0 0 1 0 0 
0 0 0 0 1 0 0 

760 7 13
0 1 1 1 1 1 0 
1 0 1 1 1 0 0 
1 1 0 1 1 0 0 
1 1 1 0 1 0 1 
1 1 1 1 0 1 0 
1 0 0 0 1 0 0 
0 0 0 1 0 0 0 

761 7 13
0 1 1 1 1 1 0 
1 0 1 1 1 1 0 
1 1 0 1 0 0 0 
1 1 1 0 1 0 0 
1 1 0 1 0 1 0 
1 1 0 0 1 0 1 
0 0 0 0 0 1 0 

762 7 13
0 1 1 1 1 1 0 
1 0 1 1 1 1 0 
1 1 0 1 0 0 0 
1 1 1 0 1 0 0 
1 1 0 1 0 1 1 
1 1 0 0 1 0 0 
0 0 0 0 1 0 0 

763 7 13
0 1 1 1 1 1 0 
1 0 1 1 1 1 1 
1 1 0 1 0 0 0 
1 1 1 0 1 0 0 
1 1 0 1 0 1 0 
1 1 0 0 1 0 0 
0 1 0 0 0 0 0 

764 7 13
0 1 1 1 1 1 0 
1 0 1 1 1 0 0 
1 1 0 1 0 1 0 
1 1 1 0 1 0 0 
1 1 0 1 0 1 0 
1 0 1 0 1 0 1 
0 0 0 0 0 1 0 

765 7 13
0 1 1 1 1 1 0 
1 0 1 1 1 0 0 
1 1 0 1 0 1 0 
1 1 1 0 1 0 0 
1 1 0 1 0 1 1 
1 0 1 0 1 0 0 
0 0 0 0 1 0 0 

766 7 13
0 1 1 1 1 1 0 
1 0 1 1 1 0 0 
1 1 0 1 0 1 0 
1 1 1 0 1 0 1 
1 1 0 1 0 1 0 
1 0 1 0 1 0 0 
0 0 0 1 0 0 0 

767 7 13
0 1 1 1 1 1 1 
1 0 1 1 1 0 0 
1 1 0 1 0 1 0 
1 1 1 0 1 0 0 
1 1 0 1 0 1 0 
1 0 1 0 1 0 0 
1 0 0 0 0 0 0 

768 7 13
0 1 1 1 1 1 0 
1 0 1 1 1 1 0 
1 1 0 1 0 0 0 
1 1 1 0 1 1 0 
1 1 0 1 0 0 0 
1 1 0 1 0 0 1 
0 0 0 0 0 1 0 

769 7 13
0 1 1 1 1 1 0 
1 0 1 1 1 1 0 
1 1 0 1 0 0 0 
1 1 1 0 1 1 1 
1 1 0 1 0 0 0 
1 1 0 1 0 0 0 
0 0 0 1 0 0 0 

772 7 13
0 1 1 1 1 0 0 
1 0 1 1 1 0 0 
1 1 0 1 1 0 0 
1 1 1 0 1 0 0 
1 1 1 1 0 1 1 
0 0 0 0 1 0 1 
0 0 0 0 1 1 0 

773 7 13
0 1 1 1 1 1 1 
1 0 1 1 1 0 0 
1 1 0 1 0 0 0 
1 1 1 0 1 0 0 
1 1 0 1 0 1 0 
1 0 0 0 1 0 1 
1 0 0 0 0 1 0 

776 7 13
0 1 1 1 1 1 0 
1 0 1 1 1 0 0 
1 1 0 1 0 0 0 
1 1 1 0 1 0 0 
1 1 0 1 0 1 1 
1 0 0 0 1 0 1 
0 0 0 0 1 1 0 

777 7 13
0 1 1 1 1 1 1 
1 0 1 1 1 0 0 
1 1 0 1 0 0 0 
1 1 1 0 1 0 0 
1 1 0 1 0 1 1 
1 0 0 0 1 0 0 
1 0 0 0 1 0 0 

778 7 13
0 1 1 1 1 1 0 
1 0 1 1 1 0 1 
1 1 0 1 0 0 0 
1 1 1 0 1 0 0 
1 1 0 1 0 1 1 
1 0 0 0 1 0 0 
0 1 0 0 1 0 0 

780 7 13
0 1 1 1 1 1 1 
1 0 1 1 1 0 0 
1 1 0 1 0 0 0 
1 1 1 0 1 0 1 
1 1 0 1 0 1 0 
1 0 0 0 1 0 0 
1 0 0 1 0 0 0 

781 7 13
0 1 1 1 1 1 0 
1 0 1 1 1 0 1 
1 1 0 1 0 0 0 
1 1 1 0 1 0 1 
1 1 0 1 0 1 0 
1 0 0 0 1 0 0 
0 1 0 1 0 0 0 

782 7 13
0 1 1 1 1 1 0 
1 0 1 1 1 0 0 
1 1 0 1 0 0 1 
1 1 1 0 1 0 1 
1 1 0 1 0 1 0 
1 0 0 0 1 0 0 
0 0 1 1 0 0 0 

783 7 13
0 1 1 1 1 1 1 
1 0 1 1 1 0 0 
1 1 0 1 0 0 1 
1 1 1 0 1 0 0 
1 1 0 1 0 1 0 
1 0 0 0 1 0 0 
1 0 1 0 0 0 0 

788 7 13
0 1 1 1 1 1 1 
1 0 1 1 1 0 0 
1 1 0 1 0 0 0 
1 1 1 0 1 1 0 
1 1 0 1 0 0 0 
1 0 0 1 0 0 1 
1 0 0 0 0 1 0 

791 7 13
0 1 1 1 1 1 1 
1 0 1 1 1 0 0 
1 1 0 1 0 0 0 
1 1 1 0 1 1 1 
1 1 0 1 0 0 0 
1 0 0 1 0 0 0 
1 0 0 1 0 0 0 

792 7 13
0 1 1 1 1 1 0 
1 0 1 1 1 0 1 
1 1 0 1 0 0 0 
1 1 1 0 1 1 1 
1 1 0 1 0 0 0 
1 0 0 1 0 0 0 
0 1 0 1 0 0 0 

793 7 13
0 1 1 1 1 1 1 
1 0 1 1 0 1 0 
1 1 0 1 0 0 0 
1 1 1 0 1 0 0 
1 0 0 1 0 1 0 
1 1 0 0 1 0 1 
1 0 0 0 0 1 0 

794 7 13
0 1 1 1 1 1 0 
1 0 1 1 0 1 1 
1 1 0 1 0 0 0 
1 1 1 0 1 0 0 
1 0 0 1 0 1 0 
1 1 0 0 1 0 1 
0 1 0 0 0 1 0 

797 7 13
0 1 1 1 1 1 0 
1 0 1 1 0 1 0 
1 1 0 1 0 0 0 
1 1 1 0 1 0 0 
1 0 0 1 0 1 1 
1 1 0 0 1 0 1 
0 0 0 0 1 1 0 

798 7 13
0 1 1 1 1 1 1 
1 0 1 1 0 1 0 
1 1 0 1 0 0 0 
1 1 1 0 1 0 1 
1 0 0 1 0 1 0 
1 1 0 0 1 0 0 
1 0 0 1 0 0 0 

799 7 13
0 1 1 1 1 1 0 
1 0 1 1 0 1 1 
1 1 0 1 0 0 0 
1 1 1 0 1 0 1 
1 0 0 1 0 1 0 
1 1 0 0 1 0 0 
0 1 0 1 0 0 0 

800 7 13
0 1 1 1 1 1 0 
1 0 1 1 0 1 0 
1 1 0 1 0 0 1 
1 1 1 0 1 0 1 
1 0 0 1 0 1 0 
1 1 0 0 1 0 0 
0 0 1 1 0 0 0 

801 7 13
0 1 1 1 1 1 1 
1 0 1 1 0 1 0 
1 1 0 1 0 0 1 
1 1 1 0 1 0 0 
1 0 0 1 0 1 0 
1 1 0 0 1 0 0 
1 0 1 0 0 0 0 

802 7 13
0 1 1 1 1 1 1 
1 0 1 1 0 0 0 
1 1 0 1 0 0 0 
1 1 1 0 1 1 0 
1 0 0 1 0 1 0 
1 0 0 1 1 0 1 
1 0 0 0 0 1 0 

804 7 13
0 1 1 1 1 1 0 
1 0 1 1 0 0 0 
1 1 0 1 0 0 0 
1 1 1 0 1 1 0 
1 0 0 1 0 1 1 
1 0 0 1 1 0 1 
0 0 0 0 1 1 0 

805 7 13
0 1 1 1 1 1 1 
1 0 1 1 0 0 0 
1 1 0 1 0 0 0 
1 1 1 0 1 1 1 
1 0 0 1 0 1 0 
1 0 0 1 1 0 0 
1 0 0 1 0 0 0 

811 7 13
0 1 1 1 1 1 1 
1 0 1 0 1 0 0 
1 1 0 1 0 1 0 
1 0 1 0 1 0 0 
1 1 0 1 0 1 0 
1 0 1 0 1 0 1 
1 0 0 0 0 1 0 

813 7 13
0 1 1 1 1 1 0 
1 0 1 0 1 0 0 
1 1 0 1 0 1 1 
1 0 1 0 1 0 0 
1 1 0 1 0 1 0 
1 0 1 0 1 0 1 
0 0 1 0 0 1 0 

814 7 13
0 1 1 1 1 1 1 
1 0 1 0 1 0 0 
1 1 0 1 0 1 0 
1 0 1 0 1 0 0 
1 1 0 1 0 1 1 
1 0 1 0 1 0 0 
1 0 0 0 1 0 0 

817 7 13
0 1 1 1 1 0 0 
1 0 1 0 1 1 1 
1 1 0 1 0 1 0 
1 0 1 0 1 0 0 
1 1 0 1 0 1 0 
0 1 1 0 1 0 1 
0 1 0 0 0 1 0 

818 7 13
0 1 1 1 1 0 0 
1 0 1 0 1 1 0 
1 1 0 1 0 1 1 
1 0 1 0 1 0 0 
1 1 0 1 0 1 0 
0 1 1 0 1 0 1 
0 0 1 0 0 1 0 

820 7 13
0 1 1 1 1 0 1 
1 0 1 0 1 1 0 
1 1 0 1 0 1 0 
1 0 1 0 1 0 0 
1 1 0 1 0 1 1 
0 1 1 0 1 0 0 
1 0 0 0 1 0 0 

822 7 13
0 1 1 1 1 0 1 
1 0 1 0 1 1 1 
1 1 0 1 0 1 0 
1 0 1 0 1 0 0 
1 1 0 1 0 1 0 
0 1 1 0 1 0 0 
1 1 0 0 0 0 0 

823 7 13
0 1 1 1 1 1 1 
1 0 1 1 0 0 1 
1 1 0 1 0 0 0 
1 1 1 0 1 0 0 
1 0 0 1 0 1 0 
1 0 0 0 1 0 1 
1 1 0 0 0 1 0 

824 7 13
0 1 1 1 1 1 1 
1 0 1 1 0 0 0 
1 1 0 1 0 0 0 
1 1 1 0 1 0 1 
1 0 0 1 0 1 0 
1 0 0 0 1 0 1 
1 0 0 1 0 1 0 

825 7 13
0 1 1 1 1 1 1 
1 0 1 1 0 0 0 
1 1 0 1 0 0 0 
1 1 1 0 1 0 0 
1 0 0 1 0 1 1 
1 0 0 0 1 0 1 
1 0 0 0 1 1 0 

829 7 13
0 1 1 1 1 1 0 
1 0 1 1 0 0 0 
1 1 0 1 0 0 0 
1 1 1 0 1 0 1 
1 0 0 1 0 1 1 
1 0 0 0 1 0 1 
0 0 0 1 1 1 0 

834 7 13
0 1 1 1 1 1 1 
1 0 1 0 1 0 1 
1 1 0 1 0 0 0 
1 0 1 0 1 0 0 
1 1 0 1 0 1 0 
1 0 0 0 1 0 1 
1 1 0 0 0 1 0 

835 7 13
0 1 1 1 1 1 1 
1 0 1 0 1 0 0 
1 1 0 1 0 0 1 
1 0 1 0 1 0 0 
1 1 0 1 0 1 0 
1 0 0 0 1 0 1 
1 0 1 0 0 1 0 

838 7 13
0 1 1 1 1 1 0 
1 0 1 0 1 0 1 
1 1 0 1 0 0 0 
1 0 1 0 1 0 0 
1 1 0 1 0 1 1 
1 0 0 0 1 0 1 
0 1 0 0 1 1 0 

840 7 13
0 1 1 1 1 0 0 
1 0 1 0 1 1 1 
1 1 0 1 0 0 1 
1 0 1 0 1 0 0 
1 1 0 1 0 1 0 
0 1 0 0 1 0 1 
0 1 1 0 0 1 0 

853 7 14
0 1 1 1 1 1 0 
1 0 1 1 1 1 0 
1 1 0 1 1 0 0 
1 1 1 0 1 0 0 
1 1 1 1 0 1 0 
1 1 0 0 1 0 1 
0 0 0 0 0 1 0 

854 7 14
0 1 1 1 1 1 0 
1 0 1 1 1 1 0 
1 1 0 1 1 0 0 
1 1 1 0 1 0 0 
1 1 1 1 0 1 1 
1 1 0 0 1 0 0 
0 0 0 0 1 0 0 

855 7 14
0 1 1 1 1 1 0 
1 0 1 1 1 1 0 
1 1 0 1 1 0 0 
1 1 1 0 1 0 1 
1 1 1 1 0 1 0 
1 1 0 0 1 0 0 
0 0 0 1 0 0 0 

856 7 14
0 1 1 1 1 1 0 
1 0 1 1 1 1 0 
1 1 0 1 0 1 0 
1 1 1 0 1 0 0 
1 1 0 1 0 1 0 
1 1 1 0 1 0 1 
0 0 0 0 0 1 0 

857 7 14
0 1 1 1 1 1 0 
1 0 1 1 1 1 1 
1 1 0 1 0 1 0 
1 1 1 0 1 0 0 
1 1 0 1 0 1 0 
1 1 1 0 1 0 0 
0 1 0 0 0 0 0 

858 7 14
0 1 1 1 1 1 1 
1 0 1 1 1 0 0 
1 1 0 1 1 0 0 
1 1 1 0 1 0 0 
1 1 1 1 0 1 0 
1 0 0 0 1 0 1 
1 0 0 0 0 1 0 

860 7 14
0 1 1 1 1 1 1 
1 0 1 1 1 0 0 
1 1 0 1 1 0 0 
1 1 1 0 1 0 0 
1 1 1 1 0 1 1 
1 0 0 0 1 0 0 
1 0 0 0 1 0 0 

861 7 14
0 1 1 1 1 1 0 
1 0 1 1 1 0 1 
1 1 0 1 1 0 0 
1 1 1 0 1 0 0 
1 1 1 1 0 1 1 
1 0 0 0 1 0 0 
0 1 0 0 1 0 0 

862 7 14
0 1 1 1 1 1 0 
1 0 1 1 1 0 1 
1 1 0 1 1 0 0 
1 1 1 0 1 0 1 
1 1 1 1 0 1 0 
1 0 0 0 1 0 0 
0 1 0 1 0 0 0 

863 7 14
0 1 1 1 1 1 1 
1 0 1 1 1 1 0 
1 1 0 1 0 0 0 
1 1 1 0 1 0 0 
1 1 0 1 0 1 0 
1 1 0 0 1 0 1 
1 0 0 0 0 1 0 

866 7 14
0 1 1 1 1 1 0 
1 0 1 1 1 1 0 
1 1 0 1 0 0 0 
1 1 1 0 1 0 0 
1 1 0 1 0 1 1 
1 1 0 0 1 0 1 
0 0 0 0 1 1 0 

867 7 14
0 1 1 1 1 1 1 
1 0 1 1 1 1 0 
1 1 0 1 0 0 0 
1 1 1 0 1 0 0 
1 1 0 1 0 1 1 
1 1 0 0 1 0 0 
1 0 0 0 1 0 0 

868 7 14
0 1 1 1 1 1 0 
1 0 1 1 1 1 0 
1 1 0 1 0 0 0 
1 1 1 0 1 0 1 
1 1 0 1 0 1 1 
1 1 0 0 1 0 0 
0 0 0 1 1 0 0 

869 7 14
0 1 1 1 1 1 1 
1 0 1 1 1 1 1 
1 1 0 1 0 0 0 
1 1 1 0 1 0 0 
1 1 0 1 0 1 0 
1 1 0 0 1 0 0 
1 1 0 0 0 0 0 

870 7 14
0 1 1 1 1 1 1 
1 0 1 1 1 0 0 
1 1 0 1 0 1 0 
1 1 1 0 1 0 0 
1 1 0 1 0 1 0 
1 0 1 0 1 0 1 
1 0 0 0 0 1 0 

872 7 14
0 1 1 1 1 1 0 
1 0 1 1 1 0 0 
1 1 0 1 0 1 1 
1 1 1 0 1 0 0 
1 1 0 1 0 1 0 
1 0 1 0 1 0 1 
0 0 1 0 0 1 0 

873 7 14
0 1 1 1 1 1 1 
1 0 1 1 1 0 0 
1 1 0 1 0 1 0 
1 1 1 0 1 0 0 
1 1 0 1 0 1 1 
1 0 1 0 1 0 0 
1 0 0 0 1 0 0 

874 7 14
0 1 1 1 1 1 0 
1 0 1 1 1 0 1 
1 1 0 1 0 1 0 
1 1 1 0 1 0 0 
1 1 0 1 0 1 1 
1 0 1 0 1 0 0 
0 1 0 0 1 0 0 

876 7 14
0 1 1 1 1 1 1 
1 0 1 1 1 0 0 
1 1 0 1 0 1 0 
1 1 1 0 1 0 1 
1 1 0 1 0 1 0 
1 0 1 0 1 0 0 
1 0 0 1 0 0 0 

877 7 14
0 1 1 1 1 1 0 
1 0 1 1 1 0 1 
1 1 0 1 0 1 0 
1 1 1 0 1 0 1 
1 1 0 1 0 1 0 
1 0 1 0 1 0 0 
0 1 0 1 0 0 0 

878 7 14
0 1 1 1 1 1 1 
1 0 1 1 1 1 0 
1 1 0 1 0 0 0 
1 1 1 0 1 1 0 
1 1 0 1 0 0 0 
1 1 0 1 0 0 1 
1 0 0 0 0 1 0 

880 7 14
0 1 1 1 1 1 1 
1 0 1 1 1 1 0 
1 1 0 1 0 0 0 
1 1 1 0 1 1 1 
1 1 0 1 0 0 0 
1 1 0 1 0 0 0 
1 0 0 1 0 0 0 

883 7 14
0 1 1 1 1 1 1 
1 0 1 1 1 0 1 
1 1 0 1 0 0 0 
1 1 1 0 1 0 0 
1 1 0 1 0 1 0 
1 0 0 0 1 0 1 
1 1 0 0 0 1 0 

884 7 14
0 1 1 1 1 1 1 
1 0 1 1 1 0 0 
1 1 0 1 0 0 1 
1 1 1 0 1 0 0 
1 1 0 1 0 1 0 
1 0 0 0 1 0 1 
1 0 1 0 0 1 0 

885 7 14
0 1 1 1 1 1 1 
1 0 1 1 1 0 0 
1 1 0 1 0 0 0 
1 1 1 0 1 0 0 
1 1 0 1 0 1 1 
1 0 0 0 1 0 1 
1 0 0 0 1 1 0 

888 7 14
0 1 1 1 1 1 0 
1 0 1 1 1 0 1 
1 1 0 1 0 0 0 
1 1 1 0 1 0 0 
1 1 0 1 0 1 1 
1 0 0 0 1 0 1 
0 1 0 0 1 1 0 

892 7 14
0 1 1 1 1 1 1 
1 0 1 1 1 0 1 
1 1 0 1 0 0 0 
1 1 1 0 1 1 0 
1 1 0 1 0 0 0 
1 0 0 1 0 0 1 
1 1 0 0 0 1 0 

893 7 14
0 1 1 1 1 1 1 
1 0 1 1 1 0 0 
1 1 0 1 0 0 0 
1 1 1 0 1 1 1 
1 1 0 1 0 0 0 
1 0 0 1 0 0 1 
1 0 0 1 0 1 0 

894 7 14
0 1 1 1 1 1 1 
1 0 1 1 0 1 1 
1 1 0 1 0 0 0 
1 1 1 0 1 0 0 
1 0 0 1 0 1 0 
1 1 0 0 1 0 1 
1 1 0 0 0 1 0 

895 7 14
0 1 1 1 1 1 1 
1 0 1 1 0 1 0 
1 1 0 1 0 0 1 
1 1 1 0 1 0 0 
1 0 0 1 0 1 0 
1 1 0 0 1 0 1 
1 0 1 0 0 1 0 

896 7 14
0 1 1 1 1 1 1 
1 0 1 1 0 1 0 
1 1 0 1 0 0 0 
1 1 1 0 1 0 1 
1 0 0 1 0 1 0 
1 1 0 0 1 0 1 
1 0 0 1 0 1 0 

897 7 14
0 1 1 1 1 1 1 
1 0 1 1 0 1 0 
1 1 0 1 0 0 0 
1 1 1 0 1 0 0 
1 0 0 1 0 1 1 
1 1 0 0 1 0 1 
1 0 0 0 1 1 0 

898 7 14
0 1 1 1 1 1 0 
1 0 1 1 0 1 1 
1 1 0 1 0 0 1 
1 1 1 0 1 0 0 
1 0 0 1 0 1 0 
1 1 0 0 1 0 1 
0 1 1 0 0 1 0 

899 7 14
0 1 1 1 1 1 0 
1 0 1 1 0 1 1 
1 1 0 1 0 0 0 
1 1 1 0 1 0 1 
1 0 0 1 0 1 0 
1 1 0 0 1 0 1 
0 1 0 1 0 1 0 

900 7 14
0 1 1 1 1 1 0 
1 0 1 1 0 1 1 
1 1 0 1 0 0 0 
1 1 1 0 1 0 0 
1 0 0 1 0 1 1 
1 1 0 0 1 0 1 
0 1 0 0 1 1 0 

906 7 14
0 1 1 1 1 1 1 
1 0 1 0 1 0 1 
1 1 0 1 0 1 0 
1 0 1 0 1 0 0 
1 1 0 1 0 1 0 
1 0 1 0 1 0 1 
1 1 0 0 0 1 0 

907 7 14
0 1 1 1 1 1 0 
1 0 1 0 1 0 1 
1 1 0 1 0 1 1 
1 0 1 0 1 0 0 
1 1 0 1 0 1 0 
1 0 1 0 1 0 1 
0 1 1 0 0 1 0 

909 7 14
0 1 1 1 1 1 0 
1 0 1 0 1 0 0 
1 1 0 1 0 1 1 
1 0 1 0 1 0 0 
1 1 0 1 0 1 1 
1 0 1 0 1 0 1 
0 0 1 0 1 1 0 

910 7 14
0 1 1 1 1 1 1 
1 0 1 0 1 0 0 
1 1 0 1 0 1 1 
1 0 1 0 1 0 0 
1 1 0 1 0 1 1 
1 0 1 0 1 0 0 
1 0 1 0 1 0 0 

911 7 14
0 1 1 1 1 0 1 
1 0 1 0 1 1 0 
1 1 0 1 0 1 1 
1 0 1 0 1 0 0 
1 1 0 1 0 1 0 
0 1 1 0 1 0 1 
1 0 1 0 0 1 0 

913 7 14
0 1 1 1 1 0 0 
1 0 1 0 1 1 0 
1 1 0 1 0 1 1 
1 0 1 0 1 0 1 
1 1 0 1 0 1 0 
0 1 1 0 1 0 1 
0 0 1 1 0 1 0 

914 7 14
0 1 1 1 1 0 0 
1 0 1 0 1 1 0 
1 1 0 1 0 1 1 
1 0 1 0 1 0 0 
1 1 0 1 0 1 1 
0 1 1 0 1 0 1 
0 0 1 0 1 1 0 

917 7 15
0 1 1 1 1 1 0 
1 0 1 1 1 1 0 
1 1 0 1 1 1 0 
1 1 1 0 1 0 0 
1 1 1 1 0 1 0 
1 1 1 0 1 0 1 
0 0 0 0 0 1 0 

918 7 15
0 1 1 1 1 1 0 
1 0 1 1 1 1 0 
1 1 0 1 1 1 0 
1 1 1 0 1 0 0 
1 1 1 1 0 1 1 
1 1 1 0 1 0 0 
0 0 0 0 1 0 0 

919 7 15
0 1 1 1 1 1 1 
1 0 1 1 1 1 0 
1 1 0 1 1 0 0 
1 1 1 0 1 0 0 
1 1 1 1 0 1 0 
1 1 0 0 1 0 1 
1 0 0 0 0 1 0 

921 7 15
0 1 1 1 1 1 1 
1 0 1 1 1 1 0 
1 1 0 1 1 0 0 
1 1 1 0 1 0 0 
1 1 1 1 0 1 1 
1 1 0 0 1 0 0 
1 0 0 0 1 0 0 

922 7 15
0 1 1 1 1 1 0 
1 0 1 1 1 1 0 
1 1 0 1 1 0 1 
1 1 1 0 1 0 0 
1 1 1 1 0 1 1 
1 1 0 0 1 0 0 
0 0 1 0 1 0 0 

923 7 15
0 1 1 1 1 1 0 
1 0 1 1 1 1 0 
1 1 0 1 1 0 1 
1 1 1 0 1 0 1 
1 1 1 1 0 1 0 
1 1 0 0 1 0 0 
0 0 1 1 0 0 0 

924 7 15
0 1 1 1 1 1 1 
1 0 1 1 1 1 0 
1 1 0 1 0 1 0 
1 1 1 0 1 0 0 
1 1 0 1 0 1 0 
1 1 1 0 1 0 1 
1 0 0 0 0 1 0 

925 7 15
0 1 1 1 1 1 0 
1 0 1 1 1 1 0 
1 1 0 1 0 1 1 
1 1 1 0 1 0 0 
1 1 0 1 0 1 0 
1 1 1 0 1 0 1 
0 0 1 0 0 1 0 

927 7 15
0 1 1 1 1 1 1 
1 0 1 1 1 1 1 
1 1 0 1 0 1 0 
1 1 1 0 1 0 0 
1 1 0 1 0 1 0 
1 1 1 0 1 0 0 
1 1 0 0 0 0 0 

928 7 15
0 1 1 1 1 1 1 
1 0 1 1 1 0 1 
1 1 0 1 1 0 0 
1 1 1 0 1 0 0 
1 1 1 1 0 1 0 
1 0 0 0 1 0 1 
1 1 0 0 0 1 0 

929 7 15
0 1 1 1 1 1 1 
1 0 1 1 1 0 0 
1 1 0 1 1 0 0 
1 1 1 0 1 0 0 
1 1 1 1 0 1 1 
1 0 0 0 1 0 1 
1 0 0 0 1 1 0 

931 7 15
0 1 1 1 1 1 1 
1 0 1 1 1 1 1 
1 1 0 1 0 0 0 
1 1 1 0 1 0 0 
1 1 0 1 0 1 0 
1 1 0 0 1 0 1 
1 1 0 0 0 1 0 

932 7 15
0 1 1 1 1 1 1 
1 0 1 1 1 1 0 
1 1 0 1 0 0 1 
1 1 1 0 1 0 0 
1 1 0 1 0 1 0 
1 1 0 0 1 0 1 
1 0 1 0 0 1 0 

933 7 15
0 1 1 1 1 1 1 
1 0 1 1 1 1 0 
1 1 0 1 0 0 0 
1 1 1 0 1 0 1 
1 1 0 1 0 1 0 
1 1 0 0 1 0 1 
1 0 0 1 0 1 0 

934 7 15
0 1 1 1 1 1 1 
1 0 1 1 1 1 0 
1 1 0 1 0 0 0 
1 1 1 0 1 0 0 
1 1 0 1 0 1 1 
1 1 0 0 1 0 1 
1 0 0 0 1 1 0 

936 7 15
0 1 1 1 1 1 0 
1 0 1 1 1 1 0 
1 1 0 1 0 0 0 
1 1 1 0 1 0 1 
1 1 0 1 0 1 1 
1 1 0 0 1 0 1 
0 0 0 1 1 1 0 

937 7 15
0 1 1 1 1 1 1 
1 0 1 1 1 1 1 
1 1 0 1 0 0 0 
1 1 1 0 1 0 0 
1 1 0 1 0 1 1 
1 1 0 0 1 0 0 
1 1 0 0 1 0 0 

938 7 15
0 1 1 1 1 1 1 
1 0 1 1 1 1 0 
1 1 0 1 0 0 0 
1 1 1 0 1 0 1 
1 1 0 1 0 1 1 
1 1 0 0 1 0 0 
1 0 0 1 1 0 0 

939 7 15
0 1 1 1 1 1 1 
1 0 1 1 1 0 1 
1 1 0 1 0 1 0 
1 1 1 0 1 0 0 
1 1 0 1 0 1 0 
1 0 1 0 1 0 1 
1 1 0 0 0 1 0 

940 7 15
0 1 1 1 1 1 1 
1 0 1 1 1 0 0 
1 1 0 1 0 1 1 
1 1 1 0 1 0 0 
1 1 0 1 0 1 0 
1 0 1 0 1 0 1 
1 0 1 0 0 1 0 

941 7 15
0 1 1 1 1 1 0 
1 0 1 1 1 0 1 
1 1 0 1 0 1 1 
1 1 1 0 1 0 0 
1 1 0 1 0 1 0 
1 0 1 0 1 0 1 
0 1 1 0 0 1 0 

943 7 15
0 1 1 1 1 1 0 
1 0 1 1 1 0 0 
1 1 0 1 0 1 1 
1 1 1 0 1 0 0 
1 1 0 1 0 1 1 
1 0 1 0 1 0 1 
0 0 1 0 1 1 0 

944 7 15
0 1 1 1 1 1 1 
1 0 1 1 1 0 0 
1 1 0 1 0 1 1 
1 1 1 0 1 0 0 
1 1 0 1 0 1 1 
1 0 1 0 1 0 0 
1 0 1 0 1 0 0 

945 7 15
0 1 1 1 1 1 0 
1 0 1 1 1 0 1 
1 1 0 1 0 1 1 
1 1 1 0 1 0 0 
1 1 0 1 0 1 1 
1 0 1 0 1 0 0 
0 1 1 0 1 0 0 

946 7 15
0 1 1 1 1 1 1 
1 0 1 1 1 0 1 
1 1 0 1 0 1 0 
1 1 1 0 1 0 1 
1 1 0 1 0 1 0 
1 0 1 0 1 0 0 
1 1 0 1 0 0 0 

948 7 15
0 1 1 1 1 1 1 
1 0 1 1 1 1 1 
1 1 0 1 0 0 0 
1 1 1 0 1 1 1 
1 1 0 1 0 0 0 
1 1 0 1 0 0 0 
1 1 0 1 0 0 0 

951 7 15
0 1 1 1 1 1 1 
1 0 1 1 0 1 0 
1 1 0 1 0 0 1 
1 1 1 0 1 0 0 
1 0 0 1 0 1 1 
1 1 0 0 1 0 1 
1 0 1 0 1 1 0 

952 7 15
0 1 1 1 1 1 0 
1 0 1 1 0 1 1 
1 1 0 1 0 0 1 
1 1 1 0 1 0 0 
1 0 0 1 0 1 1 
1 1 0 0 1 0 1 
0 1 1 0 1 1 0 

954 7 15
0 1 1 1 1 1 1 
1 0 1 0 1 0 1 
1 1 0 1 0 1 0 
1 0 1 0 1 0 1 
1 1 0 1 0 1 0 
1 0 1 0 1 0 1 
1 1 0 1 0 1 0 

955 7 15
0 1 1 1 1 1 0 
1 0 1 0 1 0 1 
1 1 0 1 0 1 1 
1 0 1 0 1 0 1 
1 1 0 1 0 1 0 
1 0 1 0 1 0 1 
0 1 1 1 0 1 0 

957 7 16
0 1 1 1 1 1 0 
1 0 1 1 1 1 0 
1 1 0 1 1 1 0 
1 1 1 0 1 1 0 
1 1 1 1 0 1 0 
1 1 1 1 1 0 1 
0 0 0 0 0 1 0 

958 7 16
0 1 1 1 1 1 1 
1 0 1 1 1 1 0 
1 1 0 1 1 1 0 
1 1 1 0 1 0 0 
1 1 1 1 0 1 0 
1 1 1 0 1 0 1 
1 0 0 0 0 1 0 

960 7 16
0 1 1 1 1 1 1 
1 0 1 1 1 1 0 
1 1 0 1 1 1 0 
1 1 1 0 1 0 0 
1 1 1 1 0 1 1 
1 1 1 0 1 0 0 
1 0 0 0 1 0 0 

961 7 16
0 1 1 1 1 1 1 
1 0 1 1 1 1 1 
1 1 0 1 1 0 0 
1 1 1 0 1 0 0 
1 1 1 1 0 1 0 
1 1 0 0 1 0 1 
1 1 0 0 0 1 0 

962 7 16
0 1 1 1 1 1 1 
1 0 1 1 1 1 0 
1 1 0 1 1 0 1 
1 1 1 0 1 0 0 
1 1 1 1 0 1 0 
1 1 0 0 1 0 1 
1 0 1 0 0 1 0 

964 7 16
0 1 1 1 1 1 1 
1 0 1 1 1 1 1 
1 1 0 1 1 0 0 
1 1 1 0 1 0 0 
1 1 1 1 0 1 1 
1 1 0 0 1 0 0 
1 1 0 0 1 0 0 

965 7 16
0 1 1 1 1 1 1 
1 0 1 1 1 1 0 
1 1 0 1 1 0 1 
1 1 1 0 1 0 0 
1 1 1 1 0 1 1 
1 1 0 0 1 0 0 
1 0 1 0 1 0 0 

966 7 16
0 1 1 1 1 1 0 
1 0 1 1 1 1 0 
1 1 0 1 1 0 1 
1 1 1 0 1 0 1 
1 1 1 1 0 1 1 
1 1 0 0 1 0 0 
0 0 1 1 1 0 0 

967 7 16
0 1 1 1 1 1 1 
1 0 1 1 1 1 1 
1 1 0 1 0 1 0 
1 1 1 0 1 0 0 
1 1 0 1 0 1 0 
1 1 1 0 1 0 1 
1 1 0 0 0 1 0 

968 7 16
0 1 1 1 1 1 1 
1 0 1 1 1 1 0 
1 1 0 1 0 1 1 
1 1 1 0 1 0 0 
1 1 0 1 0 1 0 
1 1 1 0 1 0 1 
1 0 1 0 0 1 0 

969 7 16
0 1 1 1 1 1 1 
1 0 1 1 1 1 0 
1 1 0 1 0 1 0 
1 1 1 0 1 0 1 
1 1 0 1 0 1 0 
1 1 1 0 1 0 1 
1 0 0 1 0 1 0 

970 7 16
0 1 1 1 1 1 0 
1 0 1 1 1 1 0 
1 1 0 1 0 1 1 
1 1 1 0 1 0 1 
1 1 0 1 0 1 0 
1 1 1 0 1 0 1 
0 0 1 1 0 1 0 

971 7 16
0 1 1 1 1 1 1 
1 0 1 1 1 1 1 
1 1 0 1 0 0 1 
1 1 1 0 1 0 0 
1 1 0 1 0 1 0 
1 1 0 0 1 0 1 
1 1 1 0 0 1 0 

972 7 16
0 1 1 1 1 1 1 
1 0 1 1 1 1 0 
1 1 0 1 0 0 1 
1 1 1 0 1 0 1 
1 1 0 1 0 1 0 
1 1 0 0 1 0 1 
1 0 1 1 0 1 0 

973 7 16
0 1 1 1 1 1 0 
1 0 1 1 1 1 0 
1 1 0 1 0 0 1 
1 1 1 0 1 0 1 
1 1 0 1 0 1 1 
1 1 0 0 1 0 1 
0 0 1 1 1 1 0 

974 7 16
0 1 1 1 1 1 1 
1 0 1 1 1 0 1 
1 1 0 1 0 1 0 
1 1 1 0 1 0 1 
1 1 0 1 0 1 0 
1 0 1 0 1 0 1 
1 1 0 1 0 1 0 

975 7 16
0 1 1 1 1 1 1 
1 0 1 1 1 0 0 
1 1 0 1 0 1 1 
1 1 1 0 1 0 0 
1 1 0 1 0 1 1 
1 0 1 0 1 0 1 
1 0 1 0 1 1 0 

978 7 17
0 1 1 1 1 1 1 
1 0 1 1 1 1 0 
1 1 0 1 1 1 0 
1 1 1 0 1 1 0 
1 1 1 1 0 1 0 
1 1 1 1 1 0 1 
1 0 0 0 0 1 0 

979 7 17
0 1 1 1 1 1 1 
1 0 1 1 1 1 1 
1 1 0 1 1 1 0 
1 1 1 0 1 0 0 
1 1 1 1 0 1 0 
1 1 1 0 1 0 1 
1 1 0 0 0 1 0 

980 7 17
0 1 1 1 1 1 1 
1 0 1 1 1 1 0 
1 1 0 1 1 1 0 
1 1 1 0 1 0 1 
1 1 1 1 0 1 0 
1 1 1 0 1 0 1 
1 0 0 1 0 1 0 

981 7 17
0 1 1 1 1 1 1 
1 0 1 1 1 1 1 
1 1 0 1 1 1 0 
1 1 1 0 1 0 0 
1 1 1 1 0 1 1 
1 1 1 0 1 0 0 
1 1 0 0 1 0 0 

982 7 17
0 1 1 1 1 1 1 
1 0 1 1 1 1 1 
1 1 0 1 1 0 1 
1 1 1 0 1 0 0 
1 1 1 1 0 1 0 
1 1 0 0 1 0 1 
1 1 1 0 0 1 0 

983 7 17
0 1 1 1 1 1 1 
1 0 1 1 1 1 1 
1 1 0 1 1 0 0 
1 1 1 0 1 0 0 
1 1 1 1 0 1 1 
1 1 0 0 1 0 1 
1 1 0 0 1 1 0 

984 7 17
0 1 1 1 1 1 1 
1 0 1 1 1 1 0 
1 1 0 1 1 0 1 
1 1 1 0 1 0 1 
1 1 1 1 0 1 0 
1 1 0 0 1 0 1 
1 0 1 1 0 1 0 

985 7 17
0 1 1 1 1 1 1 
1 0 1 1 1 1 1 
1 1 0 1 0 1 0 
1 1 1 0 1 0 1 
1 1 0 1 0 1 0 
1 1 1 0 1 0 1 
1 1 0 1 0 1 0 

986 7 17
0 1 1 1 1 1 1 
1 0 1 1 1 1 0 
1 1 0 1 0 1 1 
1 1 1 0 1 0 1 
1 1 0 1 0 1 0 
1 1 1 0 1 0 1 
1 0 1 1 0 1 0 

988 7 18
0 1 1 1 1 1 1 
1 0 1 1 1 1 1 
1 1 0 1 1 1 0 
1 1 1 0 1 1 0 
1 1 1 1 0 1 0 
1 1 1 1 1 0 1 
1 1 0 0 0 1 0 

989 7 18
0 1 1 1 1 1 1 
1 0 1 1 1 1 1 
1 1 0 1 1 1 1 
1 1 1 0 1 0 0 
1 1 1 1 0 1 0 
1 1 1 0 1 0 1 
1 1 1 0 0 1 0 

990 7 18
0 1 1 1 1 1 1 
1 0 1 1 1 1 1 
1 1 0 1 1 1 0 
1 1 1 0 1 0 1 
1 1 1 1 0 1 0 
1 1 1 0 1 0 1 
1 1 0 1 0 1 0 

991 7 18
0 1 1 1 1 1 1 
1 0 1 1 1 1 1 
1 1 0 1 1 1 1 
1 1 1 0 1 0 0 
1 1 1 1 0 1 1 
1 1 1 0 1 0 0 
1 1 1 0 1 0 0 

992 7 18
0 1 1 1 1 1 1 
1 0 1 1 1 1 0 
1 1 0 1 0 1 1 
1 1 1 0 1 0 1 
1 1 0 1 0 1 1 
1 1 1 0 1 0 1 
1 0 1 1 1 1 0 

993 7 19
0 1 1 1 1 1 1 
1 0 1 1 1 1 1 
1 1 0 1 1 1 1 
1 1 1 0 1 1 0 
1 1 1 1 0 1 0 
1 1 1 1 1 0 1 
1 1 1 0 0 1 0 

994 7 19
0 1 1 1 1 1 1 
1 0 1 1 1 1 1 
1 1 0 1 1 1 1 
1 1 1 0 1 0 1 
1 1 1 1 0 1 0 
1 1 1 0 1 0 1 
1 1 1 1 0 1 0 

995 7 20
0 1 1 1 1 1 1 
1 0 1 1 1 1 1 
1 1 0 1 1 1 1 
1 1 1 0 1 1 1 
1 1 1 1 0 1 0 
1 1 1 1 1 0 1 
1 1 1 1 0 1 0 

996 7 21
0 1 1 1 1 1 1 
1 0 1 1 1 1 1 
1 1 0 1 1 1 1 
1 1 1 0 1 1 1 
1 1 1 1 0 1 1 
1 1 1 1 1 0 1 
1 1 1 1 1 1 0 

