32 6 5
0 1 0 0 0 0 
1 0 1 0 0 0 
0 1 0 1 0 0 
0 0 1 0 1 0 
0 0 0 1 0 1 
0 0 0 0 1 0 

33 6 5
0 1 0 0 0 0 
1 0 1 0 0 0 
0 1 0 1 0 0 
0 0 1 0 1 1 
0 0 0 1 0 0 
0 0 0 1 0 0 

34 6 5
0 1 0 0 0 0 
1 0 1 0 0 0 
0 1 0 1 0 1 
0 0 1 0 1 0 
0 0 0 1 0 0 
0 0 1 0 0 0 

35 6 5
0 1 0 0 0 0 
1 0 1 0 0 0 
0 1 0 1 1 1 
0 0 1 0 0 0 
0 0 1 0 0 0 
0 0 1 0 0 0 

36 6 5
0 1 0 0 0 0 
1 0 1 0 0 1 
0 1 0 1 1 0 
0 0 1 0 0 0 
0 0 1 0 0 0 
0 1 0 0 0 0 

37 6 5
0 1 0 0 0 0 
1 0 1 1 1 1 
0 1 0 0 0 0 
0 1 0 0 0 0 
0 1 0 0 0 0 
0 1 0 0 0 0 

38 6 6
0 1 1 0 0 0 
1 0 1 0 0 0 
1 1 0 1 0 0 
0 0 1 0 1 0 
0 0 0 1 0 1 
0 0 0 0 1 0 

39 6 6
0 1 1 0 0 0 
1 0 1 0 0 0 
1 1 0 1 0 0 
0 0 1 0 1 1 
0 0 0 1 0 0 
0 0 0 1 0 0 

40 6 6
0 1 1 0 0 0 
1 0 1 0 0 0 
1 1 0 1 0 1 
0 0 1 0 1 0 
0 0 0 1 0 0 
0 0 1 0 0 0 

41 6 6
0 1 1 0 0 0 
1 0 1 0 0 1 
1 1 0 1 0 0 
0 0 1 0 1 0 
0 0 0 1 0 0 
0 1 0 0 0 0 

42 6 6
0 1 1 0 0 0 
1 0 1 0 0 0 
1 1 0 1 1 1 
0 0 1 0 0 0 
0 0 1 0 0 0 
0 0 1 0 0 0 

43 6 6
0 1 1 0 0 0 
1 0 1 0 0 1 
1 1 0 1 1 0 
0 0 1 0 0 0 
0 0 1 0 0 0 
0 1 0 0 0 0 

44 6 6
0 1 1 0 0 1 
1 0 1 0 1 0 
1 1 0 1 0 0 
0 0 1 0 0 0 
0 1 0 0 0 0 
1 0 0 0 0 0 

51 6 7
0 1 1 1 0 0 
1 0 1 0 0 0 
1 1 0 1 0 0 
1 0 1 0 1 0 
0 0 0 1 0 1 
0 0 0 0 1 0 

52 6 7
0 1 1 1 0 0 
1 0 1 0 0 0 
1 1 0 1 0 0 
1 0 1 0 1 1 
0 0 0 1 0 0 
0 0 0 1 0 0 

53 6 7
0 1 1 1 0 0 
1 0 1 0 0 0 
1 1 0 1 0 1 
1 0 1 0 1 0 
0 0 0 1 0 0 
0 0 1 0 0 0 

54 6 7
0 1 1 1 0 0 
1 0 1 0 0 1 
1 1 0 1 0 0 
1 0 1 0 1 0 
0 0 0 1 0 0 
0 1 0 0 0 0 

55 6 7
0 1 1 1 0 0 
1 0 1 0 0 0 
1 1 0 1 1 0 
1 0 1 0 0 0 
0 0 1 0 0 1 
0 0 0 0 1 0 

56 6 7
0 1 1 1 0 0 
1 0 1 0 0 0 
1 1 0 1 1 1 
1 0 1 0 0 0 
0 0 1 0 0 0 
0 0 1 0 0 0 

57 6 7
0 1 1 1 0 1 
1 0 1 0 0 0 
1 1 0 1 1 0 
1 0 1 0 0 0 
0 0 1 0 0 0 
1 0 0 0 0 0 

61 6 7
0 1 1 0 0 0 
1 0 1 0 0 0 
1 1 0 1 1 0 
0 0 1 0 1 0 
0 0 1 1 0 1 
0 0 0 0 1 0 

62 6 7
0 1 1 0 0 0 
1 0 1 0 0 0 
1 1 0 1 1 1 
0 0 1 0 1 0 
0 0 1 1 0 0 
0 0 1 0 0 0 

67 6 7
0 1 1 0 0 0 
1 0 1 0 0 0 
1 1 0 1 0 0 
0 0 1 0 1 1 
0 0 0 1 0 1 
0 0 0 1 1 0 

70 6 8
0 1 1 1 0 0 
1 0 1 1 0 0 
1 1 0 1 0 0 
1 1 1 0 1 0 
0 0 0 1 0 1 
0 0 0 0 1 0 

71 6 8
0 1 1 1 0 0 
1 0 1 1 0 0 
1 1 0 1 0 0 
1 1 1 0 1 1 
0 0 0 1 0 0 
0 0 0 1 0 0 

72 6 8
0 1 1 1 0 0 
1 0 1 1 0 0 
1 1 0 1 0 1 
1 1 1 0 1 0 
0 0 0 1 0 0 
0 0 1 0 0 0 

73 6 8
0 1 1 1 1 0 
1 0 1 0 0 0 
1 1 0 1 0 0 
1 0 1 0 1 0 
1 0 0 1 0 1 
0 0 0 0 1 0 

74 6 8
0 1 1 1 1 0 
1 0 1 0 0 0 
1 1 0 1 0 0 
1 0 1 0 1 1 
1 0 0 1 0 0 
0 0 0 1 0 0 

75 6 8
0 1 1 1 1 1 
1 0 1 0 0 0 
1 1 0 1 0 0 
1 0 1 0 1 0 
1 0 0 1 0 0 
1 0 0 0 0 0 

79 6 8
0 1 1 1 1 0 
1 0 1 0 0 0 
1 1 0 1 1 0 
1 0 1 0 0 0 
1 0 1 0 0 1 
0 0 0 0 1 0 

80 6 8
0 1 1 1 1 0 
1 0 1 0 0 0 
1 1 0 1 1 1 
1 0 1 0 0 0 
1 0 1 0 0 0 
0 0 1 0 0 0 

83 6 8
0 1 1 1 0 0 
1 0 1 0 0 0 
1 1 0 1 0 0 
1 0 1 0 1 1 
0 0 0 1 0 1 
0 0 0 1 1 0 

85 6 8
0 1 1 1 0 0 
1 0 1 0 0 0 
1 1 0 1 1 1 
1 0 1 0 0 0 
0 0 1 0 0 1 
0 0 1 0 1 0 

92 6 9
0 1 1 1 1 0 
1 0 1 1 0 0 
1 1 0 1 0 0 
1 1 1 0 1 0 
1 0 0 1 0 1 
0 0 0 0 1 0 

93 6 9
0 1 1 1 1 0 
1 0 1 1 0 0 
1 1 0 1 0 0 
1 1 1 0 1 1 
1 0 0 1 0 0 
0 0 0 1 0 0 

94 6 9
0 1 1 1 1 0 
1 0 1 1 0 0 
1 1 0 1 0 1 
1 1 1 0 1 0 
1 0 0 1 0 0 
0 0 1 0 0 0 

95 6 9
0 1 1 1 1 0 
1 0 1 0 1 0 
1 1 0 1 0 0 
1 0 1 0 1 0 
1 1 0 1 0 1 
0 0 0 0 1 0 

96 6 9
0 1 1 1 1 1 
1 0 1 0 1 0 
1 1 0 1 0 0 
1 0 1 0 1 0 
1 1 0 1 0 0 
1 0 0 0 0 0 

98 6 9
0 1 1 1 0 0 
1 0 1 1 0 0 
1 1 0 1 0 0 
1 1 1 0 1 1 
0 0 0 1 0 1 
0 0 0 1 1 0 

99 6 9
0 1 1 1 1 1 
1 0 1 0 0 0 
1 1 0 1 0 0 
1 0 1 0 1 0 
1 0 0 1 0 1 
1 0 0 0 1 0 

102 6 9
0 1 1 1 1 0 
1 0 1 0 0 0 
1 1 0 1 0 0 
1 0 1 0 1 1 
1 0 0 1 0 1 
0 0 0 1 1 0 

103 6 9
0 1 1 1 1 1 
1 0 1 0 0 0 
1 1 0 1 0 0 
1 0 1 0 1 1 
1 0 0 1 0 0 
1 0 0 1 0 0 

104 6 9
0 1 1 1 1 0 
1 0 1 0 0 0 
1 1 0 1 0 1 
1 0 1 0 1 1 
1 0 0 1 0 0 
0 0 1 1 0 0 

109 6 9
0 1 1 1 1 1 
1 0 1 0 0 0 
1 1 0 1 1 1 
1 0 1 0 0 0 
1 0 1 0 0 0 
1 0 1 0 0 0 

112 6 10
0 1 1 1 1 0 
1 0 1 1 1 0 
1 1 0 1 0 0 
1 1 1 0 1 0 
1 1 0 1 0 1 
0 0 0 0 1 0 

113 6 10
0 1 1 1 1 0 
1 0 1 1 1 0 
1 1 0 1 0 0 
1 1 1 0 1 1 
1 1 0 1 0 0 
0 0 0 1 0 0 

114 6 10
0 1 1 1 1 1 
1 0 1 1 0 0 
1 1 0 1 0 0 
1 1 1 0 1 0 
1 0 0 1 0 1 
1 0 0 0 1 0 

116 6 10
0 1 1 1 1 1 
1 0 1 1 0 0 
1 1 0 1 0 0 
1 1 1 0 1 1 
1 0 0 1 0 0 
1 0 0 1 0 0 

117 6 10
0 1 1 1 1 0 
1 0 1 1 0 1 
1 1 0 1 0 0 
1 1 1 0 1 1 
1 0 0 1 0 0 
0 1 0 1 0 0 

118 6 10
0 1 1 1 1 0 
1 0 1 1 0 1 
1 1 0 1 0 1 
1 1 1 0 1 0 
1 0 0 1 0 0 
0 1 1 0 0 0 

119 6 10
0 1 1 1 1 1 
1 0 1 0 1 0 
1 1 0 1 0 0 
1 0 1 0 1 0 
1 1 0 1 0 1 
1 0 0 0 1 0 

120 6 10
0 1 1 1 1 0 
1 0 1 0 1 1 
1 1 0 1 0 0 
1 0 1 0 1 0 
1 1 0 1 0 1 
0 1 0 0 1 0 

122 6 10
0 1 1 1 1 1 
1 0 1 0 0 1 
1 1 0 1 0 0 
1 0 1 0 1 0 
1 0 0 1 0 1 
1 1 0 0 1 0 

126 6 11
0 1 1 1 1 0 
1 0 1 1 1 0 
1 1 0 1 1 0 
1 1 1 0 1 0 
1 1 1 1 0 1 
0 0 0 0 1 0 

127 6 11
0 1 1 1 1 1 
1 0 1 1 1 0 
1 1 0 1 0 0 
1 1 1 0 1 0 
1 1 0 1 0 1 
1 0 0 0 1 0 

129 6 11
0 1 1 1 1 1 
1 0 1 1 1 0 
1 1 0 1 0 0 
1 1 1 0 1 1 
1 1 0 1 0 0 
1 0 0 1 0 0 

130 6 11
0 1 1 1 1 1 
1 0 1 1 0 1 
1 1 0 1 0 0 
1 1 1 0 1 0 
1 0 0 1 0 1 
1 1 0 0 1 0 

131 6 11
0 1 1 1 1 1 
1 0 1 1 0 0 
1 1 0 1 0 0 
1 1 1 0 1 1 
1 0 0 1 0 1 
1 0 0 1 1 0 

133 6 11
0 1 1 1 1 1 
1 0 1 0 1 0 
1 1 0 1 0 1 
1 0 1 0 1 0 
1 1 0 1 0 1 
1 0 1 0 1 0 

134 6 11
0 1 1 1 1 0 
1 0 1 0 1 1 
1 1 0 1 0 1 
1 0 1 0 1 0 
1 1 0 1 0 1 
0 1 1 0 1 0 

135 6 12
0 1 1 1 1 1 
1 0 1 1 1 0 
1 1 0 1 1 0 
1 1 1 0 1 0 
1 1 1 1 0 1 
1 0 0 0 1 0 

136 6 12
0 1 1 1 1 1 
1 0 1 1 1 1 
1 1 0 1 0 0 
1 1 1 0 1 0 
1 1 0 1 0 1 
1 1 0 0 1 0 

137 6 12
0 1 1 1 1 1 
1 0 1 1 1 0 
1 1 0 1 0 1 
1 1 1 0 1 0 
1 1 0 1 0 1 
1 0 1 0 1 0 

138 6 12
0 1 1 1 1 1 
1 0 1 1 1 1 
1 1 0 1 0 0 
1 1 1 0 1 1 
1 1 0 1 0 0 
1 1 0 1 0 0 

140 6 13
0 1 1 1 1 1 
1 0 1 1 1 1 
1 1 0 1 1 0 
1 1 1 0 1 0 
1 1 1 1 0 1 
1 1 0 0 1 0 

141 6 13
0 1 1 1 1 1 
1 0 1 1 1 1 
1 1 0 1 0 1 
1 1 1 0 1 0 
1 1 0 1 0 1 
1 1 1 0 1 0 

142 6 14
0 1 1 1 1 1 
1 0 1 1 1 1 
1 1 0 1 1 1 
1 1 1 0 1 0 
1 1 1 1 0 1 
1 1 1 0 1 0 

143 6 15
0 1 1 1 1 1 
1 0 1 1 1 1 
1 1 0 1 1 1 
1 1 1 0 1 1 
1 1 1 1 0 1 
1 1 1 1 1 0 

