3 
5 4

11
0 1 0 0 0 
1 0 1 0 0 
0 1 0 1 0 
0 0 1 0 1 
0 0 0 1 0 

12
0 1 0 0 0 
1 0 1 0 0 
0 1 0 1 1 
0 0 1 0 0 
0 0 1 0 0 

13
0 1 0 0 0 
1 0 1 1 1 
0 1 0 0 0 
0 1 0 0 0 
0 1 0 0 0 

5 
5 5

14
0 1 1 0 0 
1 0 1 0 0 
1 1 0 1 0 
0 0 1 0 1 
0 0 0 1 0 

15
0 1 1 0 0 
1 0 1 0 0 
1 1 0 1 1 
0 0 1 0 0 
0 0 1 0 0 

16
0 1 1 0 0 
1 0 1 0 1 
1 1 0 1 0 
0 0 1 0 0 
0 1 0 0 0 

17
0 1 0 1 0 
1 0 1 0 0 
0 1 0 1 0 
1 0 1 0 1 
0 0 0 1 0 

18
0 1 0 0 1 
1 0 1 0 0 
0 1 0 1 0 
0 0 1 0 1 
1 0 0 1 0 

5 
5 6

19
0 1 1 1 0 
1 0 1 0 0 
1 1 0 1 0 
1 0 1 0 1 
0 0 0 1 0 

20
0 1 1 1 0 
1 0 1 0 0 
1 1 0 1 1 
1 0 1 0 0 
0 0 1 0 0 

21
0 1 1 0 1 
1 0 1 0 0 
1 1 0 1 0 
0 0 1 0 1 
1 0 0 1 0 

22
0 1 1 0 0 
1 0 1 0 0 
1 1 0 1 1 
0 0 1 0 1 
0 0 1 1 0 

23
0 1 0 1 0 
1 0 1 0 1 
0 1 0 1 0 
1 0 1 0 1 
0 1 0 1 0 

4 
5 7

24
0 1 1 1 0 
1 0 1 1 0 
1 1 0 1 0 
1 1 1 0 1 
0 0 0 1 0 

25
0 1 1 1 1 
1 0 1 0 0 
1 1 0 1 0 
1 0 1 0 1 
1 0 0 1 0 

26
0 1 1 1 0 
1 0 1 0 1 
1 1 0 1 0 
1 0 1 0 1 
0 1 0 1 0 

27
0 1 1 1 1 
1 0 1 0 0 
1 1 0 1 1 
1 0 1 0 0 
1 0 1 0 0 

2 
5 8

28
0 1 1 1 1 
1 0 1 1 0 
1 1 0 1 0 
1 1 1 0 1 
1 0 0 1 0 

29
0 1 1 1 1 
1 0 1 0 1 
1 1 0 1 0 
1 0 1 0 1 
1 1 0 1 0 

1 
5 9

30
0 1 1 1 1 
1 0 1 1 1 
1 1 0 1 0 
1 1 1 0 1 
1 1 0 1 0 

1 
5 10

31
0 1 1 1 1 
1 0 1 1 1 
1 1 0 1 1 
1 1 1 0 1 
1 1 1 1 0 

