11
7 6

144 1065509
145 1065510
146 1065516
147 1065528
148 1065584
149 1066544
150 1065633
151 1065696
152 1065920
153 1066880
154 1080320

33
7 7

155 1589797
156 1589798
157 1589804
158 1589860
159 1590820
160 1589816
161 1589872
162 1590832
163 1589921
164 1589984
165 1590944
166 1591841
167 1592864
168 1624608
169 1590208
170 1591168
171 1593088
172 1624832
173 1327653
174 1327654
175 1327660
176 1327716
177 1328676
178 1327672
179 1327728
180 1328688
181 1328800
182 1196581
183 1196582
184 1196588
185 1196644
186 1131045
187 1098277

67
7 8

188 1851941
189 1851942
190 1851948
191 1852004
192 1852964
193 1851960
194 1852016
195 1852976
196 1852065
197 1852128
198 1853088
199 1884832
200 1852165
201 1852166
202 1852228
203 1884932
204 1852352
205 1885056
206 1720869
207 1720870
208 1720876
209 1720932
210 1721892
211 1753636
212 1720993
213 1721056
214 1722016
215 1753760
216 1722913
217 1723936
218 1590053
219 1590054
220 1590060
221 1590116
222 1591076
223 1590177
224 1590240
225 1331749
226 1331750
227 1331756
228 1331812
229 1331761
230 1331768
231 1332784
232 1655333
233 1655334
234 1655396
235 1656356
236 1589925
237 1589926
238 1589988
239 1590948
240 1589813
241 1589820
242 1393189
243 1393196
244 1329701
245 1329708
246 1329764
247 1622565
248 1589861
249 1589805
250 1589799
251 1360421
252 1328677
253 1327661
254 1197605

107
7 9

255 1860133
256 1860134
257 1860140
258 1860196
259 1860152
260 1860208
261 1861280
262 1983013
263 1983014
264 1983020
265 1983076
266 1984036
267 2015780
268 1983025
269 1983032
270 1983088
271 2015792
272 2048545
273 2081312
274 1856037
275 1856038
276 1856044
277 1856100
278 1856049
279 1856056
280 1856112
281 1857072
282 1856161
283 1856224
284 1888928
285 1983237
286 1983238
287 1983244
288 1983300
289 1983361
290 1983424
291 2016128
292 1917477
293 1917478
294 1917484
295 1917540
296 1918500
297 1950244
298 1853989
299 1853996
300 1854052
301 1851957
302 1851964
303 1852020
304 1852980
305 1917701
306 1917708
307 1917764
308 1852293
309 1852300
310 1852356
311 1885060
312 1786405
313 1786406
314 1786412
315 1819172
316 1722917
317 1722918
318 1722980
319 1755684
320 1720997
321 1720998
322 1721060
323 1722020
324 1753764
325 1720885
326 1720886
327 1397285
328 1397286
329 1333809
330 1333816
331 1884709
332 1852965
333 1851949
334 1851943
335 1884933
336 1852229
337 1852167
338 1753637
339 1721893
340 1720933
341 1720877
342 1720871
343 1753761
344 1722017
345 1721057
346 1723937
347 1622821
348 1590055
349 1590241
350 1364517
351 1332773
352 1331751
353 1332785
354 1331769
355 1655341
356 1655335
357 1688102
358 1656358
359 1394213
360 1393253
361 1329709

132
7 10

362 1991205
363 1991206
364 1991212
365 1991268
366 1991217
367 1991224
368 1991280
369 2023984
370 1991329
371 1991392
372 1992352
373 1987109
374 1987110
375 1987116
376 1987172
377 2019876
378 2052641
379 2085408
380 1925669
381 1925676
382 1925732
383 1860149
384 1860156
385 1860212
386 2048549
387 2048550
388 2048556
389 2081316
390 1985061
391 1985062
392 1985068
393 2017828
394 1983141
395 1983142
396 1983148
397 1983204
398 1984164
399 2015908
400 1983029
401 1983030
402 1983036
403 2048561
404 2048568
405 2048624
406 2049584
407 2081328
408 1983153
409 1983160
410 1921573
411 1921574
412 1921580
413 1921636
414 1954340
415 1858085
416 1858086
417 1858092
418 1858148
419 1859108
420 1858097
421 1858104
422 1858160
423 1921697
424 1921698
425 1921704
426 1921760
427 2048897
428 2048960
429 1722933
430 1397413
431 1892901
432 1860141
433 1860135
434 2015781
435 1984037
436 1983077
437 1983021
438 1983015
439 2015793
440 1983089
441 1983033
442 2081313
443 1888805
444 1857061
445 1856039
446 1888817
447 1857073
448 1856057
449 1888929
450 1856225
451 2016005
452 1984261
453 1983239
454 2016129
455 1983425
456 1950245
457 1918501
458 1917541
459 1917485
460 1917479
461 1950246
462 1918502
463 1917542
464 1917486
465 1855013
466 1853997
467 1853991
468 1851965
469 1851959
470 1950469
471 1917765
472 1917703
473 1852357
474 1787429
475 1786469
476 1786413
477 1786470
478 1786414
479 1819180
480 1755685
481 1722981
482 1722925
483 1722919
484 1723942
485 1753765
486 1721005
487 1720999
488 1721062
489 1721909
490 1398309
491 1397349
492 1430054
493 1334840

138
7 11

494 1995301
495 1995302
496 1995308
497 1995364
498 1995313
499 1995320
500 1996336
501 2056741
502 2056742
503 2056748
504 2056804
505 2089508
506 1993253
507 1993254
508 1993260
509 1993316
510 1994276
511 2056753
512 2056760
513 2056816
514 1993265
515 1993272
516 1993328
517 1994288
518 1993377
519 1993384
520 2052645
521 2052646
522 2052652
523 2052708
524 2085412
525 1989157
526 1989158
527 1989164
528 2021924
529 1987237
530 1987238
531 1987244
532 2020004
533 2050597
534 2083364
535 1985189
536 1985196
537 1985252
538 1921701
539 1921702
540 1921764
541 1858101
542 1858108
543 2023973
544 1992229
545 1991207
546 2023985
547 1992241
548 1991225
549 1992353
550 1991393
551 2019877
552 1988133
553 1987173
554 1987111
555 2085409
556 1958437
557 1926693
558 1925677
559 1925671
560 1860157
561 1860151
562 2081317
563 2049573
564 2048613
565 2048557
566 2048551
567 2081318
568 2048614
569 2048558
570 2081324
571 2017829
572 1986085
573 1985125
574 1986086
575 1985126
576 1985070
577 2017836
578 1985132
579 2015909
580 1984165
581 1983205
582 1983149
583 1983143
584 1983206
585 1983150
586 2015916
587 1984172
588 1983212
589 2015972
590 1984228
591 1984053
592 1983031
593 1983038
594 2015804
595 2048563
596 2081336
597 2048632
598 2081392
599 1954341
600 1922597
601 1921637
602 1921575
603 1954342
604 1922598
605 1921638
606 1922604
607 1954404
608 1890853
609 1859109
610 1858093
611 1858087
612 1859110
613 1858094
614 1859116
615 1890916
616 1858099
617 1859128
618 1890928
619 1922721
620 1921699
621 1954528
622 2081728
623 1755701
624 1723957
625 1722941
626 1430181
627 1398437
628 1918503
629 1855015
630 1787437
631 1755693

126
7 12

632 1995557
633 1995558
634 1995564
635 2060837
636 2060838
637 2060844
638 2060900
639 2093604
640 1995429
641 1995430
642 1995436
643 2060849
644 2060850
645 2060856
646 2061872
647 2058789
648 2058796
649 2058852
650 2091556
651 2056757
652 2056764
653 1993381
654 1993388
655 2052773
656 2052774
657 2085540
658 1989285
659 1989286
660 1990308
661 2028069
662 1995365
663 1995303
664 2028081
665 1995321
666 2089509
667 2057765
668 2056749
669 2056743
670 2089510
671 2057766
672 2056750
673 2089516
674 2057772
675 2089572
676 2057828
677 2026021
678 1994277
679 1993317
680 1993255
681 1994278
682 1993318
683 2026028
684 1994284
685 1993324
686 1994340
687 2056755
688 2089528
689 2057784
690 2057840
691 1993267
692 1993336
693 2026096
694 2027056
695 1993379
696 2085413
697 2053669
698 2052709
699 2052647
700 2085414
701 2053670
702 2052710
703 2085420
704 2053676
705 2052716
706 2085476
707 2021925
708 1990181
709 1989221
710 1990182
711 1989222
712 1989166
713 1989228
714 2020005
715 1988261
716 1987301
717 1987302
718 1988268
719 2083365
720 2051621
721 2050661
722 2017957
723 1986213
724 1985253
725 1985197
726 1985191
727 2017964
728 1986220
729 1985260
730 2018020
731 1954469
732 1922725
733 1921703
734 1954470
735 1954532
736 1890869
737 1859125
738 1858103
739 1859132
740 1958439
741 1926695
742 1860159
743 2082341
744 2049637
745 2049581
746 2017893
747 1986149
748 1986093
749 1986087
750 1985133
751 1984173
752 1954343
753 1922605
754 1922599
755 1921639
756 1890917
757 1398445

95
7 13

758 2061093
759 2061094
760 2061100
761 2062885
762 2062886
763 2063908
764 2060965
765 2060966
766 2060972
767 2093732
768 2062897
769 2062904
770 1989301
771 2028325
772 1995559
773 2093605
774 2061861
775 2060901
776 2060839
777 2093606
778 2061862
779 2060902
780 2093612
781 2061868
782 2060908
783 2093668
784 2028197
785 1995493
786 1995494
787 2028204
788 2093617
789 2061873
790 2060913
791 2093624
792 2061880
793 2091557
794 2059813
795 2058853
796 2058797
797 2058791
798 2091564
799 2059820
800 2058860
801 2091620
802 2089525
803 2057781
804 2056759
805 2089532
806 2026149
807 1994405
808 1993383
809 2026156
810 1994412
811 2085541
812 2053797
813 2052837
814 2085542
815 2052838
816 2022053
817 1990309
818 1989349
819 1989293
820 2022054
821 1989350
822 2023076
823 2090533
824 2089517
825 2089511
826 2057829
827 2057773
828 2057767
829 2056751
830 2026085
831 2026029
832 1994279
833 1993319
834 2086437
835 2085477
836 2053733
837 2053677
838 2053671
839 2052711
840 1990245
841 1990189
842 1989229
843 1988269
844 1987303
845 2051629
846 2017965
847 2017959
848 1986221
849 1986215
850 1922733
851 1922727
852 1954534

64
7 14

853 2063141
854 2063142
855 2063148
856 2063013
857 2064036
858 2093861
859 2062117
860 2093862
861 2062118
862 2062124
863 2095653
864 2062949
865 2062893
866 2062887
867 2095654
868 2062894
869 2096676
870 2093733
871 2061989
872 2061029
873 2093734
874 2061990
875 2061030
876 2093740
877 2061996
878 2095665
879 2062961
880 2095672
881 2022069
882 1990325
883 2094629
884 2093669
885 2093607
886 2061925
887 2061869
888 2061863
889 2060903
890 2029221
891 1995495
892 2094641
893 2093625
894 2092581
895 2091621
896 2091565
897 2091559
898 2059877
899 2059821
900 2059815
901 2058861
902 2058855
903 2057845
904 2026157
905 2026151
906 2086565
907 2053861
908 2053805
909 2052839
910 2085606
911 2022117
912 2022061
913 1989357
914 1989351
915 1986223
916 1922735

40
7 15

917 2063269
918 2063270
919 2095909
920 2063205
921 2095910
922 2063206
923 2063212
924 2095781
925 2063077
926 2063021
927 2096804
928 2094885
929 2093863
930 2062181
931 2096677
932 2095717
933 2095661
934 2095655
935 2062957
936 2062895
937 2096678
938 2095662
939 2094757
940 2093797
941 2062053
942 2061997
943 2061031
944 2093798
945 2062054
946 2094764
947 2062963
948 2096696
949 2023093
950 1990389
951 2091623
952 2059879
953 2057847
954 2086573
955 2053869
956 1989359

21
7 16

957 2063285
958 2096037
959 2063277
960 2096038
961 2096933
962 2095973
963 2063213
964 2096934
965 2095974
966 2063214
967 2096805
968 2095845
969 2095789
970 2063085
971 2096741
972 2095725
973 2062959
974 2094765
975 2093799
976 2062055
977 2023101

10
7 17

978 2096053
979 2097061
980 2096045
981 2097062
982 2096997
983 2096935
984 2095981
985 2096813
986 2095853
987 2063087

5
7 18

988 2097077
989 2097125
990 2097069
991 2097126
992 2095855

2
7 19

993 2097141
994 2097133

1
7 20

995 2097149

1
7 21

996 2097151

