6
6 5

32 16933
33 16934
34 16940
35 16952
36 17008
37 17344

13
6 6

38 25125
39 25126
40 25132
41 25188
42 25144
43 25200
44 26272
45 21029
46 21030
47 21036
48 21092
49 18981
50 17957

19
6 7

51 29221
52 29222
53 29228
54 29284
55 29233
56 29240
57 30256
58 27173
59 27180
60 27236
61 25141
62 25148
63 21157
64 21158
65 26149
66 25133
67 25127
68 22053
69 21093

22
6 8

70 29477
71 29478
72 29484
73 31269
74 31270
75 32292
76 29349
77 29350
78 29356
79 31281
80 31288
81 30245
82 29285
83 29223
84 30257
85 29241
86 28197
87 27237
88 27181
89 27175
90 22181
91 21222

20
6 9

92 31525
93 31526
94 31532
95 31397
96 32420
97 30501
98 29479
99 32293
100 31333
101 31277
102 31271
103 32294
104 31278
105 30373
106 29413
107 29414
108 30380
109 32312
110 27239
111 22189

14
6 10

112 31653
113 31654
114 32549
115 31589
116 32550
117 31590
118 31596
119 32421
120 31461
121 31405
122 32357
123 31341
124 30381
125 29415

9
6 11

126 31669
127 32677
128 31661
129 32678
130 32613
131 32551
132 31597
133 32429
134 31469

5
6 12

135 32693
136 32741
137 32685
138 32742
139 31471

2
6 13

140 32757
141 32749

1
6 14

142 32765

1
6 15

143 32767

